0.000010 0.000010 1
0.000030 0.000020 1
0.000070 0.000040 1
0.000150 0.000080 1
0.000310 0.000160 1
0.000630 0.000320 1
0.001270 0.000640 1
0.002112 0.000842 1
0.002956 0.000845 1
0.003804 0.000848 1
0.004655 0.000851 1
0.005510 0.000855 1
0.006368 0.000858 1
0.007229 0.000861 1
0.008094 0.000865 1
0.008962 0.000868 1
0.009833 0.000871 1
0.010708 0.000875 1
0.011587 0.000878 1
0.012469 0.000882 1
0.013354 0.000886 1
0.014243 0.000889 1
0.015136 0.000893 1
0.016032 0.000896 1
0.016932 0.000900 1
0.017836 0.000904 1
0.018744 0.000908 1
0.019655 0.000911 1
0.020570 0.000915 1
0.021489 0.000919 1
0.022412 0.000923 1
0.023339 0.000927 1
0.024270 0.000931 1
0.025205 0.000935 1
0.026144 0.000939 1
0.027087 0.000943 1
0.028035 0.000947 1
0.028987 0.000952 1
0.029943 0.000956 1
0.030903 0.000960 1
0.031868 0.000965 1
0.032838 0.000969 1
0.033812 0.000974 1
0.034790 0.000979 1
0.035774 0.000983 1
0.036762 0.000988 1
0.037755 0.000993 1
0.038753 0.000998 1
0.039756 0.001003 1
0.040764 0.001008 1
0.041777 0.001013 1
0.042795 0.001018 1
0.043819 0.001023 1
0.044847 0.001029 1
0.045882 0.001034 1
0.046921 0.001040 1
0.047967 0.001045 1
0.049018 0.001051 1
0.050074 0.001057 1
0.051137 0.001063 1
0.052205 0.001068 1
0.053280 0.001074 1
0.054360 0.001080 1
0.055447 0.001087 1
0.056540 0.001093 1
0.057639 0.001099 1
0.058745 0.001106 1
0.059857 0.001112 1
0.060976 0.001119 1
0.062102 0.001126 1
0.063235 0.001133 1
0.064374 0.001140 1
0.065521 0.001147 1
0.066675 0.001154 1
0.067836 0.001161 1
0.069005 0.001169 1
0.070181 0.001176 1
0.071365 0.001184 1
0.072556 0.001192 1
0.073756 0.001200 1
0.074963 0.001208 1
0.076179 0.001216 1
0.077403 0.001224 1
0.078636 0.001233 1
0.079877 0.001241 1
0.081127 0.001250 1
0.082385 0.001259 1
0.083653 0.001268 1
0.084930 0.001277 1
0.086216 0.001286 1
0.087512 0.001296 1
0.088817 0.001305 1
0.090132 0.001315 1
0.091457 0.001325 1
0.092792 0.001335 1
0.094137 0.001345 1
0.095493 0.001356 1
0.096860 0.001367 1
0.098237 0.001377 1
0.099626 0.001388 1
0.101025 0.001400 1
0.102436 0.001411 1
0.103859 0.001423 1
0.105294 0.001435 1
0.106740 0.001447 1
0.108199 0.001459 1
0.109671 0.001471 1
0.111155 0.001484 1
0.112652 0.001497 1
0.114162 0.001510 1
0.115686 0.001524 1
0.117223 0.001537 1
0.118775 0.001551 1
0.120341 0.001566 1
0.121921 0.001580 1
0.123516 0.001595 1
0.125126 0.001610 1
0.126751 0.001625 1
0.128392 0.001641 1
0.130050 0.001657 1
0.131723 0.001673 1
0.133413 0.001690 1
0.135120 0.001707 1
0.136845 0.001724 1
0.138587 0.001742 1
0.140347 0.001760 1
0.142125 0.001779 1
0.143923 0.001797 1
0.145740 0.001817 1
0.147576 0.001836 1
0.149433 0.001856 1
0.151310 0.001877 1
0.153208 0.001898 1
0.155127 0.001920 1
0.157069 0.001941 1
0.159033 0.001964 1
0.161019 0.001987 1
0.163030 0.002010 1
0.165065 0.002035 1
0.167124 0.002059 1
0.169208 0.002084 1
0.171319 0.002110 1
0.173456 0.002137 1
0.175620 0.002164 1
0.177812 0.002192 1
0.180032 0.002221 1
0.182282 0.002250 1
0.184562 0.002280 1
0.186873 0.002311 1
0.189216 0.002343 1
0.191591 0.002375 1
0.193999 0.002409 1
0.196443 0.002443 1
0.198921 0.002479 1
0.201436 0.002515 1
0.203988 0.002552 1
0.206579 0.002591 1
0.209210 0.002631 1
0.211882 0.002672 1
0.214595 0.002714 1
0.217353 0.002757 1
0.220155 0.002802 1
0.223003 0.002848 1
0.225899 0.002896 1
0.228845 0.002946 1
0.231842 0.002997 1
0.234891 0.003049 1
0.237995 0.003104 1
0.241156 0.003161 1
0.244375 0.003219 1
0.247655 0.003280 1
0.250998 0.003343 1
0.254406 0.003408 1
0.257883 0.003476 1
0.261429 0.003547 1
0.265050 0.003620 1
0.268746 0.003697 1
0.272522 0.003776 1
0.276381 0.003859 1
0.280327 0.003945 1
0.284362 0.004036 1
0.288493 0.004130 1
0.292722 0.004229 1
0.297054 0.004333 1
0.301495 0.004441 1
0.306050 0.004555 1
0.310725 0.004675 1
0.315525 0.004800 1
0.320458 0.004933 1
0.325531 0.005073 1
0.330752 0.005221 1
0.336129 0.005377 1
0.341672 0.005543 1
0.347391 0.005719 1
0.353298 0.005906 1
0.359403 0.006106 1
0.365722 0.006319 1
0.372269 0.006547 1
0.379061 0.006792 1
0.386117 0.007056 1
0.393457 0.007340 1
0.401105 0.007648 1
0.409089 0.007984 1
0.417438 0.008349 1
0.426188 0.008750 1
0.435378 0.009190 1
0.445054 0.009676 1
0.455265 0.010211 1
0.466062 0.010796 1
0.477484 0.011422 1
0.489538 0.012054 1
0.502156 0.012618 1
0.515179 0.013023 1
0.528410 0.013231 1
0.541701 0.013291 1
0.554979 0.013278 1
0.568221 0.013242 1
0.581425 0.013204 1
0.594597 0.013172 1
0.607743 0.013146 1
0.620870 0.013127 1
0.633982 0.013112 1
0.647082 0.013100 1
0.660173 0.013091 1
0.673256 0.013083 1
0.686333 0.013077 1
0.699406 0.013072 1
0.712473 0.013068 1
0.725537 0.013064 1
0.738597 0.013060 1
0.751653 0.013056 1
0.764706 0.013053 1
0.777755 0.013050 1
0.790802 0.013046 1
0.803845 0.013043 1
0.816885 0.013040 1
0.829921 0.013037 1
0.842955 0.013034 1
0.855986 0.013031 1
0.869013 0.013027 1
0.882037 0.013024 1
0.895058 0.013021 1
0.908076 0.013018 1
0.921091 0.013015 1
0.934102 0.013012 1
0.947111 0.013008 1
0.960116 0.013005 1
0.973118 0.013002 1
0.986117 0.012999 1
0.999112 0.012996 1
1.012105 0.012992 1
1.025094 0.012989 1
1.038080 0.012986 1
1.051062 0.012983 1
1.064042 0.012979 1
1.077018 0.012976 1
1.089990 0.012973 1
1.102960 0.012969 1
1.115926 0.012966 1
1.128888 0.012963 1
1.141848 0.012959 1
1.154804 0.012956 1
1.167756 0.012953 1
1.180706 0.012949 1
1.193652 0.012946 1
1.206594 0.012942 1
1.219533 0.012939 1
1.232469 0.012936 1
1.245401 0.012932 1
1.258330 0.012929 1
1.271255 0.012925 1
1.284177 0.012922 1
1.297095 0.012918 1
1.310010 0.012915 1
1.322921 0.012911 1
1.335829 0.012908 1
1.348733 0.012904 1
1.361634 0.012901 1
1.374531 0.012897 1
1.387425 0.012894 1
1.400315 0.012890 1
1.413201 0.012886 1
1.426084 0.012883 1
1.438964 0.012879 1
1.451839 0.012876 1
1.464711 0.012872 1
1.477579 0.012868 1
1.490444 0.012865 1
1.503305 0.012861 1
1.516162 0.012857 1
1.529016 0.012854 1
1.541866 0.012850 1
1.554712 0.012846 1
1.567555 0.012842 1
1.580393 0.012839 1
1.593228 0.012835 1
1.606060 0.012831 1
1.618887 0.012827 1
1.631711 0.012824 1
1.644530 0.012820 1
1.657346 0.012816 1
1.670159 0.012812 1
1.682967 0.012808 1
1.695771 0.012804 1
1.708572 0.012801 1
1.721369 0.012797 1
1.734161 0.012793 1
1.746950 0.012789 1
1.759735 0.012785 1
1.772516 0.012781 1
1.785294 0.012777 1
1.798067 0.012773 1
1.810836 0.012769 1
1.823601 0.012765 1
1.836362 0.012761 1
1.849120 0.012757 1
1.861873 0.012753 1
1.874622 0.012749 1
1.887367 0.012745 1
1.900108 0.012741 1
1.912845 0.012737 1
1.925578 0.012733 1
1.938307 0.012729 1
1.951032 0.012725 1
1.963752 0.012721 1
1.976469 0.012716 1
1.989181 0.012712 1
2.001889 0.012708 1
2.014593 0.012704 1
2.027293 0.012700 1
2.039988 0.012696 1
2.052680 0.012691 1
2.065367 0.012687 1
2.078050 0.012683 1
2.090728 0.012679 1
2.103403 0.012674 1
2.116073 0.012670 1
2.128739 0.012666 1
2.141400 0.012662 1
2.154058 0.012657 1
2.166710 0.012653 1
2.179359 0.012649 1
2.192003 0.012644 1
2.204643 0.012640 1
2.217278 0.012635 1
2.229909 0.012631 1
2.242536 0.012627 1
2.255158 0.012622 1
2.267776 0.012618 1
2.280389 0.012613 1
2.292998 0.012609 1
2.305603 0.012604 1
2.318203 0.012600 1
2.330798 0.012595 1
2.343389 0.012591 1
2.355975 0.012586 1
2.368557 0.012582 1
2.381134 0.012577 1
2.393707 0.012573 1
2.406275 0.012568 1
2.418839 0.012564 1
2.431397 0.012559 1
2.443952 0.012554 1
2.456501 0.012550 1
2.469046 0.012545 1
2.481587 0.012540 1
2.494122 0.012536 1
2.506653 0.012531 1
2.519180 0.012526 1
2.531701 0.012522 1
2.544218 0.012517 1
2.556730 0.012512 1
2.569237 0.012507 1
2.581740 0.012503 1
2.594238 0.012498 1
2.606730 0.012493 1
2.619219 0.012488 1
2.631702 0.012483 1
2.644180 0.012478 1
2.656654 0.012474 1
2.669123 0.012469 1
2.681587 0.012464 1
2.694046 0.012459 1
2.706500 0.012454 1
2.718949 0.012449 1
2.731393 0.012444 1
2.743832 0.012439 1
2.756267 0.012434 1
2.768696 0.012429 1
2.781120 0.012424 1
2.793540 0.012419 1
2.805954 0.012414 1
2.818363 0.012409 1
2.830767 0.012404 1
2.843167 0.012399 1
2.855561 0.012394 1
2.867950 0.012389 1
2.880334 0.012384 1
2.892713 0.012379 1
2.905086 0.012374 1
2.917455 0.012369 1
2.929818 0.012363 1
2.942176 0.012358 1
2.954530 0.012353 1
2.966877 0.012348 1
2.979220 0.012343 1
2.991558 0.012337 1
3.003890 0.012332 1
3.016217 0.012327 1
3.028538 0.012322 1
3.040855 0.012316 1
3.053166 0.012311 1
3.065472 0.012306 1
3.077772 0.012301 1
3.090068 0.012295 1
3.102357 0.012290 1
3.114642 0.012284 1
3.126921 0.012279 1
3.139195 0.012274 1
3.151463 0.012268 1
3.163726 0.012263 1
3.175984 0.012258 1
3.188236 0.012252 1
3.200482 0.012247 1
3.212723 0.012241 1
3.224959 0.012236 1
3.237189 0.012230 1
3.249414 0.012225 1
3.261633 0.012219 1
3.273847 0.012214 1
3.286055 0.012208 1
3.298258 0.012203 1
3.310455 0.012197 1
3.322646 0.012191 1
3.334832 0.012186 1
3.347012 0.012180 1
3.359187 0.012175 1
3.371356 0.012169 1
3.383519 0.012163 1
3.395676 0.012158 1
3.407828 0.012152 1
3.419975 0.012146 1
3.432115 0.012141 1
3.444250 0.012135 1
3.456379 0.012129 1
3.468503 0.012123 1
3.480620 0.012118 1
3.492732 0.012112 1
3.504838 0.012106 1
3.516939 0.012100 1
3.529033 0.012095 1
3.541122 0.012089 1
3.553205 0.012083 1
3.565282 0.012077 1
3.577353 0.012071 1
3.589418 0.012065 1
3.601478 0.012059 1
3.613531 0.012054 1
3.625579 0.012048 1
3.637621 0.012042 1
3.649656 0.012036 1
3.661686 0.012030 1
3.673710 0.012024 1
3.685728 0.012018 1
3.697740 0.012012 1
3.709746 0.012006 1
3.721746 0.012000 1
3.733740 0.011994 1
3.745728 0.011988 1
3.757710 0.011982 1
3.769686 0.011976 1
3.781655 0.011970 1
3.793619 0.011964 1
3.805577 0.011958 1
3.817528 0.011952 1
3.829474 0.011945 1
3.841413 0.011939 1
3.853346 0.011933 1
3.865273 0.011927 1
3.877194 0.011921 1
3.889108 0.011915 1
3.901017 0.011908 1
3.912919 0.011902 1
3.924815 0.011896 1
3.936705 0.011890 1
3.948589 0.011884 1
3.960466 0.011877 1
3.972338 0.011871 1
3.984203 0.011865 1
3.996061 0.011859 1
4.007914 0.011852 1
4.019760 0.011846 1
4.031599 0.011840 1
4.043433 0.011833 1
4.055260 0.011827 1
4.067081 0.011821 1
4.078895 0.011814 1
4.090703 0.011808 1
4.102505 0.011802 1
4.114301 0.011795 1
4.126090 0.011789 1
4.137872 0.011783 1
4.149648 0.011776 1
4.161418 0.011770 1
4.173182 0.011763 1
4.184938 0.011757 1
4.196689 0.011750 1
4.208433 0.011744 1
4.220170 0.011738 1
4.231902 0.011731 1
4.243626 0.011725 1
4.255344 0.011718 1
4.267056 0.011712 1
4.278761 0.011705 1
4.290459 0.011699 1
4.302152 0.011692 1
4.313837 0.011685 1
4.325516 0.011679 1
4.337188 0.011672 1
4.348854 0.011666 1
4.360513 0.011659 1
4.372166 0.011653 1
4.383812 0.011646 1
4.395452 0.011639 1
4.407085 0.011633 1
4.418711 0.011626 1
4.430330 0.011620 1
4.441943 0.011613 1
4.453550 0.011606 1
4.465149 0.011600 1
4.476742 0.011593 1
4.488329 0.011586 1
4.499909 0.011580 1
4.511482 0.011573 1
4.523048 0.011566 1
4.534608 0.011560 1
4.546161 0.011553 1
4.557707 0.011546 1
4.569246 0.011540 1
4.580779 0.011533 1
4.592305 0.011526 1
4.603825 0.011519 1
4.615337 0.011513 1
4.626843 0.011506 1
4.638342 0.011499 1
4.649835 0.011492 1
4.661320 0.011486 1
4.672799 0.011479 1
4.684271 0.011472 1
4.695737 0.011465 1
4.707195 0.011459 1
4.718647 0.011452 1
4.730092 0.011445 1
4.741530 0.011438 1
4.752961 0.011431 1
4.764386 0.011425 1
4.775804 0.011418 1
4.787214 0.011411 1
4.798619 0.011404 1
4.810016 0.011397 1
4.821406 0.011390 1
4.832790 0.011384 1
4.844167 0.011377 1
4.855536 0.011370 1
4.866899 0.011363 1
4.878256 0.011356 1
4.889605 0.011349 1
4.900948 0.011343 1
4.912283 0.011336 1
4.923612 0.011329 1
4.934934 0.011322 1
4.946249 0.011315 1
4.957557 0.011308 1
4.968859 0.011301 1
4.980153 0.011294 1
4.991441 0.011288 1
5.002722 0.011281 1
5.013995 0.011274 1
5.025262 0.011267 1
5.036523 0.011260 1
5.047776 0.011253 1
5.059022 0.011246 1
5.070262 0.011240 1
5.081494 0.011233 1
5.092720 0.011226 1
5.103939 0.011219 1
5.115151 0.011212 1
5.126356 0.011205 1
5.137555 0.011198 1
5.148746 0.011191 1
5.159931 0.011185 1
5.171108 0.011178 1
5.182279 0.011171 1
5.193443 0.011164 1
5.204600 0.011157 1
5.215751 0.011150 1
5.226894 0.011143 1
5.238031 0.011137 1
5.249161 0.011130 1
5.260283 0.011123 1
5.271400 0.011116 1
5.282509 0.011109 1
5.293611 0.011102 1
5.304707 0.011096 1
5.315796 0.011089 1
5.326877 0.011082 1
5.337953 0.011075 1
5.349021 0.011068 1
5.360083 0.011062 1
5.371137 0.011055 1
5.382185 0.011048 1
5.393227 0.011041 1
5.404261 0.011034 1
5.415289 0.011028 1
5.426310 0.011021 1
5.437324 0.011014 1
5.448331 0.011007 1
5.459332 0.011001 1
5.470326 0.010994 1
5.481313 0.010987 1
5.492294 0.010981 1
5.503268 0.010974 1
5.514235 0.010967 1
5.525196 0.010961 1
5.536149 0.010954 1
5.547097 0.010947 1
5.558037 0.010941 1
5.568971 0.010934 1
5.579899 0.010927 1
5.590819 0.010921 1
5.601734 0.010914 1
5.612641 0.010908 1
5.623542 0.010901 1
5.634437 0.010895 1
5.645325 0.010888 1
5.656206 0.010881 1
5.667081 0.010875 1
5.677950 0.010869 1
5.688812 0.010862 1
5.699668 0.010856 1
5.710517 0.010849 1
5.721359 0.010843 1
5.732196 0.010836 1
5.743026 0.010830 1
5.753849 0.010824 1
5.764667 0.010817 1
5.775478 0.010811 1
5.786282 0.010805 1
5.797081 0.010798 1
5.807873 0.010792 1
5.818659 0.010786 1
5.829438 0.010780 1
5.840212 0.010773 1
5.850979 0.010767 1
5.861740 0.010761 1
5.872495 0.010755 1
5.883244 0.010749 1
5.893987 0.010743 1
5.904724 0.010737 1
5.915455 0.010731 1
5.926180 0.010725 1
5.936899 0.010719 1
5.947612 0.010713 1
5.958319 0.010707 1
5.969020 0.010701 1
5.979715 0.010695 1
5.990405 0.010690 1
6.001088 0.010684 1
6.011766 0.010678 1
6.022439 0.010672 1
6.033105 0.010667 1
6.043766 0.010661 1
6.054421 0.010655 1
6.065071 0.010650 1
6.075715 0.010644 1
6.086354 0.010639 1
6.096987 0.010633 1
6.107615 0.010628 1
6.118238 0.010622 1
6.128855 0.010617 1
6.139466 0.010612 1
6.150073 0.010606 1
6.160674 0.010601 1
6.171270 0.010596 1
6.181861 0.010591 1
6.192447 0.010586 1
6.203028 0.010581 1
6.213604 0.010576 1
6.224175 0.010571 1
6.234740 0.010566 1
6.245302 0.010561 1
6.255858 0.010556 1
6.266409 0.010552 1
6.276956 0.010547 1
6.287499 0.010542 1
6.298036 0.010538 1
6.308569 0.010533 1
6.319098 0.010529 1
6.329622 0.010524 1
6.340142 0.010520 1
6.350658 0.010516 1
6.361169 0.010511 1
6.371676 0.010507 1
6.382179 0.010503 1
6.392678 0.010499 1
6.403173 0.010495 1
6.413664 0.010491 1
6.424151 0.010487 1
6.434635 0.010483 1
6.445114 0.010480 1
6.455591 0.010476 1
6.466063 0.010473 1
6.476532 0.010469 1
6.486998 0.010466 1
6.497460 0.010462 1
6.507919 0.010459 1
6.518375 0.010456 1
6.528828 0.010453 1
6.539278 0.010450 1
6.549725 0.010447 1
6.560169 0.010444 1
6.570610 0.010441 1
6.581049 0.010439 1
6.591485 0.010436 1
6.601919 0.010434 1
6.612350 0.010431 1
6.622779 0.010429 1
6.633206 0.010427 1
6.643631 0.010425 1
6.654054 0.010423 1
6.664475 0.010421 1
6.674894 0.010419 1
6.685311 0.010418 1
6.695727 0.010416 1
6.706142 0.010415 1
6.716555 0.010413 1
6.726967 0.010412 1
6.737378 0.010411 1
6.747788 0.010410 1
6.758197 0.010409 1
6.768605 0.010408 1
6.779013 0.010408 1
6.789421 0.010407 1
6.799827 0.010407 1
6.810234 0.010407 1
6.820641 0.010407 1
6.831047 0.010407 1
6.841454 0.010407 1
6.851861 0.010407 1
6.862269 0.010408 1
6.872677 0.010408 1
6.883086 0.010409 1
6.893496 0.010410 1
6.903907 0.010411 1
6.914319 0.010412 1
6.924733 0.010414 1
6.935148 0.010415 1
6.945565 0.010417 1
6.955983 0.010419 1
6.966404 0.010421 1
6.976826 0.010423 1
6.987251 0.010425 1
6.997679 0.010427 1
7.008109 0.010430 1
7.018542 0.010433 1
7.028978 0.010436 1
7.039417 0.010439 1
7.049859 0.010442 1
7.060305 0.010446 1
7.070754 0.010449 1
7.081207 0.010453 1
7.091664 0.010457 1
7.102126 0.010461 1
7.112591 0.010466 1
7.123061 0.010470 1
7.133536 0.010475 1
7.144016 0.010480 1
7.154500 0.010485 1
7.164990 0.010490 1
7.175485 0.010495 1
7.185986 0.010500 1
7.196492 0.010506 1
7.207003 0.010512 1
7.217521 0.010518 1
7.228045 0.010524 1
7.238574 0.010530 1
7.249110 0.010536 1
7.259653 0.010542 1
7.270201 0.010549 1
7.280757 0.010555 1
7.291318 0.010562 1
7.301887 0.010568 1
7.312462 0.010575 1
7.323044 0.010582 1
7.333632 0.010589 1
7.344227 0.010595 1
7.354829 0.010602 1
7.365438 0.010608 1
7.376053 0.010615 1
7.386674 0.010621 1
7.397302 0.010628 1
7.407936 0.010634 1
7.418576 0.010640 1
7.429221 0.010645 1
7.439872 0.010651 1
7.450528 0.010656 1
7.461189 0.010661 1
7.471854 0.010665 1
7.482523 0.010669 1
7.493196 0.010673 1
7.503872 0.010676 1
7.514549 0.010678 1
7.525229 0.010680 1
7.535910 0.010681 1
7.546590 0.010681 1
7.557271 0.010680 1
7.567949 0.010679 1
7.578626 0.010676 1
7.589299 0.010673 1
7.599967 0.010668 1
7.610629 0.010662 1
7.621285 0.010655 1
7.631932 0.010647 1
7.642569 0.010637 1
7.653196 0.010626 1
7.663809 0.010613 1
7.674408 0.010599 1
7.684991 0.010583 1
7.695555 0.010565 1
7.706100 0.010545 1
7.716623 0.010523 1
7.727123 0.010499 1
7.737596 0.010473 1
7.748041 0.010445 1
7.758455 0.010414 1
7.768837 0.010382 1
7.779183 0.010346 1
7.789492 0.010309 1
7.799761 0.010269 1
7.809987 0.010226 1
7.820169 0.010181 1
7.830302 0.010134 1
7.840386 0.010084 1
7.850418 0.010032 1
7.860395 0.009977 1
7.870315 0.009920 1
7.880176 0.009861 1
7.889976 0.009800 1
7.899713 0.009737 1
7.909384 0.009672 1
7.918989 0.009605 1
7.928526 0.009537 1
7.937993 0.009467 1
7.947388 0.009396 1
7.956712 0.009324 1
7.965963 0.009251 1
7.975140 0.009177 1
7.984243 0.009103 1
7.993271 0.009028 1
8.002224 0.008953 1
8.011102 0.008878 1
8.019904 0.008802 1
8.028631 0.008727 1
8.037283 0.008652 1
8.045860 0.008577 1
8.054363 0.008503 1
8.062792 0.008429 1
8.071148 0.008356 1
8.079431 0.008283 1
8.087642 0.008211 1
8.095781 0.008139 1
8.103850 0.008069 1
8.111849 0.007999 1
8.119779 0.007930 1
8.127641 0.007862 1
8.135435 0.007794 1
8.143163 0.007728 1
8.150826 0.007663 1
8.158424 0.007598 1
8.165958 0.007534 1
8.173430 0.007472 1
8.180839 0.007410 1
8.188188 0.007349 1
8.195477 0.007289 1
8.202706 0.007230 1
8.209878 0.007171 1
8.216992 0.007114 1
8.224049 0.007057 1
8.231051 0.007002 1
8.237998 0.006947 1
8.244891 0.006893 1
8.251731 0.006840 1
8.258518 0.006788 1
8.265254 0.006736 1
8.271940 0.006685 1
8.278575 0.006635 1
8.285160 0.006586 1
8.291698 0.006537 1
8.298187 0.006489 1
8.304629 0.006442 1
8.311025 0.006396 1
8.317374 0.006350 1
8.323679 0.006304 1
8.329939 0.006260 1
8.336155 0.006216 1
8.342327 0.006172 1
8.348457 0.006130 1
8.354544 0.006087 1
8.360590 0.006046 1
8.366594 0.006004 1
8.372557 0.005963 1
8.378480 0.005923 1
8.384364 0.005883 1
8.390208 0.005844 1
8.396013 0.005805 1
8.401779 0.005766 1
8.407507 0.005728 1
8.413198 0.005690 1
8.418851 0.005653 1
8.424467 0.005616 1
8.430046 0.005579 1
8.435588 0.005542 1
8.441094 0.005506 1
8.446565 0.005470 1
8.451999 0.005434 1
8.457398 0.005399 1
8.462761 0.005363 1
8.468089 0.005328 1
8.473382 0.005293 1
8.478640 0.005258 1
8.483863 0.005223 1
8.489052 0.005188 1
8.494205 0.005153 1
8.499324 0.005119 1
8.504408 0.005084 1
8.509457 0.005049 1
8.514471 0.005014 1
8.519451 0.004980 1
8.524396 0.004945 1
8.529306 0.004910 1
8.534181 0.004875 1
8.539020 0.004840 1
8.543825 0.004804 1
8.548594 0.004769 1
8.553327 0.004733 1
8.558025 0.004698 1
8.562687 0.004662 1
8.567313 0.004626 1
8.571903 0.004590 1
8.576456 0.004554 1
8.580973 0.004517 1
8.585454 0.004481 1
8.589898 0.004444 1
8.594305 0.004407 1
8.598675 0.004370 1
8.603009 0.004333 1
8.607305 0.004296 1
8.611564 0.004259 1
8.615786 0.004222 1
8.619971 0.004185 1
8.624119 0.004148 1
8.628230 0.004111 1
8.632304 0.004074 1
8.636341 0.004037 1
8.640341 0.004000 1
8.644305 0.003963 1
8.648232 0.003927 1
8.652122 0.003891 1
8.655977 0.003854 1
8.659795 0.003818 1
8.663578 0.003783 1
8.667325 0.003747 1
8.671037 0.003712 1
8.674714 0.003677 1
8.678357 0.003642 1
8.681965 0.003608 1
8.685539 0.003574 1
8.689079 0.003540 1
8.692586 0.003507 1
8.696060 0.003474 1
8.699502 0.003441 1
8.702911 0.003409 1
8.706288 0.003377 1
8.709633 0.003346 1
8.712948 0.003314 1
8.716232 0.003284 1
8.719485 0.003253 1
8.722708 0.003223 1
8.725902 0.003194 1
8.729066 0.003164 1
8.732201 0.003135 1
8.735308 0.003107 1
8.738387 0.003079 1
8.741438 0.003051 1
8.744461 0.003024 1
8.747458 0.002997 1
8.750428 0.002970 1
8.753372 0.002944 1
8.756290 0.002918 1
8.759182 0.002892 1
8.762049 0.002867 1
8.764891 0.002842 1
8.767709 0.002818 1
8.770503 0.002794 1
8.773273 0.002770 1
8.776019 0.002746 1
8.778743 0.002723 1
8.781443 0.002701 1
8.784121 0.002678 1
8.786777 0.002656 1
8.789411 0.002634 1
8.792024 0.002613 1
8.794615 0.002591 1
8.797186 0.002570 1
8.799735 0.002550 1
8.802265 0.002529 1
8.804774 0.002509 1
8.807264 0.002490 1
8.809734 0.002470 1
8.812185 0.002451 1
8.814617 0.002432 1
8.817031 0.002413 1
8.819426 0.002395 1
8.821802 0.002377 1
8.824161 0.002359 1
8.826503 0.002341 1
8.828827 0.002324 1
8.831133 0.002307 1
8.833423 0.002290 1
8.835697 0.002273 1
8.837953 0.002257 1
8.840194 0.002241 1
8.842419 0.002225 1
8.844628 0.002209 1
8.846821 0.002193 1
8.848999 0.002178 1
8.851162 0.002163 1
8.853310 0.002148 1
8.855444 0.002134 1
8.857563 0.002119 1
8.859668 0.002105 1
8.861759 0.002091 1
8.863836 0.002077 1
8.865899 0.002063 1
8.867949 0.002050 1
8.869985 0.002037 1
8.872009 0.002024 1
8.874019 0.002011 1
8.876017 0.001998 1
8.878003 0.001985 1
8.879976 0.001973 1
8.881937 0.001961 1
8.883886 0.001949 1
8.885823 0.001937 1
8.887748 0.001926 1
8.889663 0.001914 1
8.891565 0.001903 1
8.893457 0.001892 1
8.895338 0.001881 1
8.897208 0.001870 1
8.899067 0.001859 1
8.900916 0.001849 1
8.902755 0.001839 1
8.904583 0.001829 1
8.906402 0.001819 1
8.908211 0.001809 1
8.910010 0.001799 1
8.911799 0.001790 1
8.913580 0.001780 1
8.915351 0.001771 1
8.917113 0.001762 1
8.918866 0.001753 1
8.920611 0.001744 1
8.922346 0.001736 1
8.924074 0.001727 1
8.925793 0.001719 1
8.927504 0.001711 1
8.929207 0.001703 1
8.930903 0.001695 1
8.932590 0.001688 1
8.934270 0.001680 1
8.935943 0.001673 1
8.937608 0.001665 1
8.939266 0.001658 1
8.940918 0.001651 1
8.942562 0.001644 1
8.944200 0.001638 1
8.945831 0.001631 1
8.947456 0.001625 1
8.949075 0.001619 1
8.950687 0.001612 1
8.952293 0.001606 1
8.953894 0.001601 1
8.955489 0.001595 1
8.957078 0.001589 1
8.958662 0.001584 1
8.960241 0.001579 1
8.961814 0.001573 1
8.963382 0.001568 1
8.964946 0.001563 1
8.966505 0.001559 1
8.968059 0.001554 1
8.969608 0.001549 1
8.971153 0.001545 1
8.972694 0.001541 1
8.974230 0.001537 1
8.975763 0.001533 1
8.977292 0.001529 1
8.978816 0.001525 1
8.980338 0.001521 1
8.981855 0.001518 1
8.983369 0.001514 1
8.984880 0.001511 1
8.986388 0.001508 1
8.987892 0.001504 1
8.989393 0.001501 1
8.990892 0.001498 1
8.992387 0.001496 1
8.993880 0.001493 1
8.995370 0.001490 1
8.996858 0.001488 1
8.998343 0.001485 1
8.999825 0.001483 1
9.001306 0.001480 1
9.002784 0.001478 1
9.004260 0.001476 1
9.005734 0.001474 1
9.007206 0.001472 1
9.008675 0.001470 1
9.010143 0.001468 1
9.011608 0.001465 1
9.013071 0.001463 1
9.014532 0.001460 1
9.015989 0.001458 1
9.017444 0.001455 1
9.018895 0.001451 1
9.020341 0.001447 1
9.021783 0.001441 1
9.023218 0.001435 1
9.024646 0.001428 1
9.026066 0.001419 1
9.027475 0.001409 1
9.028873 0.001398 1
9.030258 0.001385 1
9.031629 0.001371 1
9.032983 0.001355 1
9.034321 0.001338 1
9.035641 0.001320 1
9.036943 0.001302 1
9.038226 0.001283 1
9.039490 0.001264 1
9.040735 0.001245 1
9.041961 0.001226 1
9.043168 0.001208 1
9.044358 0.001189 1
9.045530 0.001172 1
9.046685 0.001155 1
9.047823 0.001138 1
9.048945 0.001123 1
9.050053 0.001107 1
9.051145 0.001093 1
9.052224 0.001078 1
9.053288 0.001065 1
9.054340 0.001052 1
9.055379 0.001039 1
9.056406 0.001027 1
9.057421 0.001015 1
9.058425 0.001004 1
9.059418 0.000993 1
9.060402 0.000983 1
9.061375 0.000973 1
9.062338 0.000964 1
9.063293 0.000955 1
9.064239 0.000946 1
9.065176 0.000937 1
9.066105 0.000929 1
9.067027 0.000922 1
9.067941 0.000914 1
9.068848 0.000907 1
9.069748 0.000900 1
9.070642 0.000894 1
9.071529 0.000887 1
9.072410 0.000881 1
9.073285 0.000875 1
9.074155 0.000870 1
9.075020 0.000865 1
9.075879 0.000860 1
9.076734 0.000855 1
9.077584 0.000850 1
9.078430 0.000846 1
9.079272 0.000842 1
9.080110 0.000838 1
9.080944 0.000834 1
9.081775 0.000831 1
9.082603 0.000828 1
9.083427 0.000825 1
9.084249 0.000822 1
9.085069 0.000820 1
9.085886 0.000818 1
9.086702 0.000816 1
9.087517 0.000814 1
9.088330 0.000813 1
9.089143 0.000813 1
9.089956 0.000813 1
9.090771 0.000815 1
9.091588 0.000817 1
9.092410 0.000822 1
9.093242 0.000832 1
9.094095 0.000852 1
9.095005 0.000910 1
9.095902 0.000897 1
9.096725 0.000824 1
9.097527 0.000802 1
9.098322 0.000794 1
9.099111 0.000790 1
9.099898 0.000787 1
9.100682 0.000784 1
9.101465 0.000783 1
9.102246 0.000781 1
9.103027 0.000780 1
9.103806 0.000780 1
9.104585 0.000779 1
9.105364 0.000779 1
9.106142 0.000778 1
9.106920 0.000778 1
9.107699 0.000778 1
9.108477 0.000778 1
9.109256 0.000779 1
9.110035 0.000779 1
9.110815 0.000780 1
9.111595 0.000780 1
9.112376 0.000781 1
9.113158 0.000782 1
9.113941 0.000783 1
9.114725 0.000784 1
9.115510 0.000785 1
9.116297 0.000787 1
9.117085 0.000788 1
9.117875 0.000790 1
9.118666 0.000791 1
9.119459 0.000793 1
9.120255 0.000795 1
9.121052 0.000797 1
9.121852 0.000800 1
9.122654 0.000802 1
9.123459 0.000805 1
9.124266 0.000808 1
9.125077 0.000811 1
9.125891 0.000814 1
9.126709 0.000818 1
9.127530 0.000821 1
9.128356 0.000826 1
9.129186 0.000830 1
9.130020 0.000835 1
9.130860 0.000840 1
9.131705 0.000845 1
9.132557 0.000851 1
9.133414 0.000857 1
9.134278 0.000864 1
9.135150 0.000872 1
9.136029 0.000879 1
9.136917 0.000888 1
9.137813 0.000896 1
9.138718 0.000905 1
9.139633 0.000915 1
9.140558 0.000925 1
9.141492 0.000934 1
9.142435 0.000943 1
9.143386 0.000951 1
9.144344 0.000958 1
9.145306 0.000962 1
9.146269 0.000964 1
9.147231 0.000962 1
9.148190 0.000958 1
9.149142 0.000952 1
9.150086 0.000944 1
9.151020 0.000935 1
9.151945 0.000925 1
9.152861 0.000915 1
9.153766 0.000906 1
9.154662 0.000896 1
9.155550 0.000887 1
9.156429 0.000879 1
9.157300 0.000871 1
9.158165 0.000864 1
9.159022 0.000858 1
9.159874 0.000852 1
9.160720 0.000846 1
9.161561 0.000841 1
9.162397 0.000836 1
9.163229 0.000832 1
9.164057 0.000828 1
9.164882 0.000825 1
9.165704 0.000822 1
9.166523 0.000819 1
9.167340 0.000817 1
9.168155 0.000815 1
9.168968 0.000813 1
9.169780 0.000812 1
9.170591 0.000811 1
9.171401 0.000810 1
9.172210 0.000809 1
9.173019 0.000809 1
9.173828 0.000809 1
9.174637 0.000809 1
9.175447 0.000810 1
9.176257 0.000810 1
9.177068 0.000811 1
9.177881 0.000813 1
9.178695 0.000814 1
9.179511 0.000816 1
9.180328 0.000818 1
9.181148 0.000820 1
9.181970 0.000822 1
9.182795 0.000825 1
9.183623 0.000828 1
9.184455 0.000831 1
9.185289 0.000835 1
9.186127 0.000838 1
9.186969 0.000842 1
9.187815 0.000846 1
9.188666 0.000850 1
9.189521 0.000855 1
9.190380 0.000860 1
9.191245 0.000864 1
9.192114 0.000869 1
9.192988 0.000874 1
9.193868 0.000879 1
9.194752 0.000884 1
9.195640 0.000889 1
9.196533 0.000893 1
9.197430 0.000897 1
9.198330 0.000900 1
9.199233 0.000903 1
9.200137 0.000904 1
9.201043 0.000905 1
9.201948 0.000905 1
9.202852 0.000904 1
9.203755 0.000902 1
9.204654 0.000900 1
9.205550 0.000896 1
9.206442 0.000892 1
9.207328 0.000887 1
9.208210 0.000882 1
9.209086 0.000876 1
9.209957 0.000870 1
9.210821 0.000865 1
9.211680 0.000859 1
9.212533 0.000853 1
9.213381 0.000847 1
9.214223 0.000842 1
9.215059 0.000836 1
9.215890 0.000831 1
9.216716 0.000826 1
9.217537 0.000821 1
9.218354 0.000816 1
9.219166 0.000812 1
9.219973 0.000807 1
9.220776 0.000803 1
9.221575 0.000799 1
9.222370 0.000795 1
9.223162 0.000791 1
9.223949 0.000788 1
9.224734 0.000784 1
9.225514 0.000781 1
9.226292 0.000778 1
9.227067 0.000775 1
9.227838 0.000772 1
9.228607 0.000769 1
9.229373 0.000766 1
9.230136 0.000763 1
9.230897 0.000761 1
9.231655 0.000758 1
9.232411 0.000756 1
9.233165 0.000754 1
9.233917 0.000751 1
9.234666 0.000749 1
9.235413 0.000747 1
9.236159 0.000745 1
9.236902 0.000743 1
9.237644 0.000742 1
9.238384 0.000740 1
9.239122 0.000738 1
9.239858 0.000737 1
9.240593 0.000735 1
9.241327 0.000733 1
9.242058 0.000732 1
9.242789 0.000730 1
9.243518 0.000729 1
9.244246 0.000728 1
9.244972 0.000726 1
9.245697 0.000725 1
9.246421 0.000724 1
9.247144 0.000723 1
9.247866 0.000722 1
9.248586 0.000721 1
9.249306 0.000719 1
9.250024 0.000718 1
9.250742 0.000717 1
9.251458 0.000716 1
9.252174 0.000716 1
9.252888 0.000715 1
9.253602 0.000714 1
9.254315 0.000713 1
9.255027 0.000712 1
9.255738 0.000711 1
9.256449 0.000711 1
9.257159 0.000710 1
9.257868 0.000709 1
9.258576 0.000708 1
9.259284 0.000708 1
9.259991 0.000707 1
9.260698 0.000706 1
9.261404 0.000706 1
9.262109 0.000705 1
9.262813 0.000705 1
9.263518 0.000704 1
9.264221 0.000704 1
9.264924 0.000703 1
9.265627 0.000703 1
9.266329 0.000702 1
9.267031 0.000702 1
9.267732 0.000701 1
9.268433 0.000701 1
9.269133 0.000700 1
9.269833 0.000700 1
9.270533 0.000700 1
9.271232 0.000699 1
9.271931 0.000699 1
9.272630 0.000699 1
9.273328 0.000698 1
9.274026 0.000698 1
9.274724 0.000698 1
9.275421 0.000697 1
9.276118 0.000697 1
9.276815 0.000697 1
9.277512 0.000697 1
9.278208 0.000696 1
9.278904 0.000696 1
9.279600 0.000696 1
9.280296 0.000696 1
9.280991 0.000695 1
9.281687 0.000695 1
9.282382 0.000695 1
9.283077 0.000695 1
9.283771 0.000695 1
9.284466 0.000695 1
9.285161 0.000695 1
9.285855 0.000694 1
9.286549 0.000694 1
9.287244 0.000694 1
9.287938 0.000694 1
9.288632 0.000694 1
9.289326 0.000694 1
9.290019 0.000694 1
9.290713 0.000694 1
9.291407 0.000694 1
9.292100 0.000694 1
9.292794 0.000694 1
9.293488 0.000694 1
9.294181 0.000694 1
9.294875 0.000694 1
9.295568 0.000693 1
9.296262 0.000693 1
9.296955 0.000693 1
9.297649 0.000693 1
9.298342 0.000693 1
9.299036 0.000694 1
9.299729 0.000694 1
9.300423 0.000694 1
9.301116 0.000694 1
9.301810 0.000694 1
9.302504 0.000694 1
9.303197 0.000694 1
9.303891 0.000694 1
9.304585 0.000694 1
9.305279 0.000694 1
9.305973 0.000694 1
9.306667 0.000694 1
9.307361 0.000694 1
9.308055 0.000694 1
9.308749 0.000694 1
9.309444 0.000694 1
9.310138 0.000694 1
9.310833 0.000695 1
9.311528 0.000695 1
9.312222 0.000695 1
9.312917 0.000695 1
9.313612 0.000695 1
9.314308 0.000695 1
9.315003 0.000695 1
9.315698 0.000695 1
9.316394 0.000696 1
9.317090 0.000696 1
9.317785 0.000696 1
9.318481 0.000696 1
9.319178 0.000696 1
9.319874 0.000696 1
9.320570 0.000696 1
9.321267 0.000697 1
9.321964 0.000697 1
9.322661 0.000697 1
9.323358 0.000697 1
9.324055 0.000697 1
9.324752 0.000697 1
9.325452 0.000700 1
9.326154 0.000702 1
9.326858 0.000705 1
9.327565 0.000707 1
9.328274 0.000709 1
9.328986 0.000711 1
9.329699 0.000713 1
9.330414 0.000715 1
9.331131 0.000717 1
9.331850 0.000719 1
9.332570 0.000721 1
9.333293 0.000722 1
9.334016 0.000724 1
9.334742 0.000725 1
9.335468 0.000727 1
9.336196 0.000728 1
9.336926 0.000729 1
9.337656 0.000731 1
9.338388 0.000732 1
9.339121 0.000733 1
9.339856 0.000734 1
9.340591 0.000735 1
9.341328 0.000736 1
9.342065 0.000738 1
9.342804 0.000739 1
9.343543 0.000740 1
9.344284 0.000740 1
9.345025 0.000741 1
9.345767 0.000742 1
9.346511 0.000743 1
9.347255 0.000744 1
9.348000 0.000745 1
9.348745 0.000746 1
9.349492 0.000747 1
9.350239 0.000747 1
9.350987 0.000748 1
9.351736 0.000749 1
9.352486 0.000750 1
9.353236 0.000750 1
9.353987 0.000751 1
9.354739 0.000752 1
9.355492 0.000753 1
9.356245 0.000753 1
9.356999 0.000754 1
9.357754 0.000755 1
9.358509 0.000755 1
9.359265 0.000756 1
9.360022 0.000757 1
9.360779 0.000757 1
9.361537 0.000758 1
9.362296 0.000759 1
9.363055 0.000759 1
9.363815 0.000760 1
9.364575 0.000761 1
9.365337 0.000761 1
9.366099 0.000762 1
9.366861 0.000763 1
9.367625 0.000763 1
9.368388 0.000764 1
9.369153 0.000765 1
9.369918 0.000765 1
9.370684 0.000766 1
9.371451 0.000767 1
9.372218 0.000767 1
9.372986 0.000768 1
9.373754 0.000769 1
9.374524 0.000769 1
9.375294 0.000770 1
9.376064 0.000771 1
9.376836 0.000771 1
9.377608 0.000772 1
9.378381 0.000773 1
9.379154 0.000774 1
9.379929 0.000774 1
9.380704 0.000775 1
9.381479 0.000776 1
9.382256 0.000777 1
9.383033 0.000777 1
9.383811 0.000778 1
9.384590 0.000779 1
9.385370 0.000780 1
9.386150 0.000780 1
9.386931 0.000781 1
9.387714 0.000782 1
9.388497 0.000783 1
9.389280 0.000784 1
9.390065 0.000785 1
9.390851 0.000786 1
9.391637 0.000787 1
9.392425 0.000787 1
9.393213 0.000788 1
9.394002 0.000789 1
9.394793 0.000790 1
9.395584 0.000791 1
9.396376 0.000792 1
9.397169 0.000793 1
9.397964 0.000794 1
9.398759 0.000795 1
9.399555 0.000796 1
9.400353 0.000797 1
9.401151 0.000799 1
9.401951 0.000800 1
9.402752 0.000801 1
9.403554 0.000802 1
9.404357 0.000803 1
9.405162 0.000804 1
9.405967 0.000806 1
9.406774 0.000807 1
9.407582 0.000808 1
9.408392 0.000809 1
9.409203 0.000811 1
9.410015 0.000812 1
9.410828 0.000814 1
9.411643 0.000815 1
9.412460 0.000816 1
9.413278 0.000818 1
9.414097 0.000819 1
9.414918 0.000821 1
9.415740 0.000822 1
9.416564 0.000824 1
9.417389 0.000825 1
9.418216 0.000827 1
9.419045 0.000829 1
9.419876 0.000830 1
9.420708 0.000832 1
9.421542 0.000834 1
9.422377 0.000836 1
9.423215 0.000837 1
9.424054 0.000839 1
9.424895 0.000841 1
9.425738 0.000843 1
9.426583 0.000845 1
9.427430 0.000847 1
9.428279 0.000849 1
9.429131 0.000851 1
9.429984 0.000853 1
9.430839 0.000855 1
9.431697 0.000858 1
9.432556 0.000860 1
9.433418 0.000862 1
9.434283 0.000864 1
9.435149 0.000867 1
9.436018 0.000869 1
9.436890 0.000871 1
9.437763 0.000874 1
9.438640 0.000876 1
9.439519 0.000879 1
9.440400 0.000882 1
9.441284 0.000884 1
9.442171 0.000887 1
9.443061 0.000890 1
9.443953 0.000892 1
9.444848 0.000895 1
9.445747 0.000898 1
9.446648 0.000901 1
9.447552 0.000904 1
9.448459 0.000907 1
9.449369 0.000910 1
9.450282 0.000913 1
9.451199 0.000917 1
9.452119 0.000920 1
9.453042 0.000923 1
9.453968 0.000926 1
9.454898 0.000930 1
9.455832 0.000933 1
9.456768 0.000937 1
9.457709 0.000941 1
9.458653 0.000944 1
9.459601 0.000948 1
9.460553 0.000952 1
9.461509 0.000956 1
9.462468 0.000960 1
9.463432 0.000964 1
9.464399 0.000968 1
9.465371 0.000972 1
9.466347 0.000976 1
9.467327 0.000980 1
9.468312 0.000985 1
9.469301 0.000989 1
9.470294 0.000993 1
9.471292 0.000998 1
9.472295 0.001003 1
9.473302 0.001007 1
9.474315 0.001012 1
9.475332 0.001017 1
9.476354 0.001022 1
9.477381 0.001027 1
9.478413 0.001032 1
9.479450 0.001037 1
9.480493 0.001043 1
9.481541 0.001048 1
9.482594 0.001053 1
9.483653 0.001059 1
9.484718 0.001065 1
9.485788 0.001070 1
9.486865 0.001076 1
9.487947 0.001082 1
9.489035 0.001088 1
9.490129 0.001094 1
9.491230 0.001101 1
9.492337 0.001107 1
9.493450 0.001113 1
9.494570 0.001120 1
9.495696 0.001126 1
9.496829 0.001133 1
9.497969 0.001140 1
9.499116 0.001147 1
9.500271 0.001154 1
9.501432 0.001161 1
9.502601 0.001169 1
9.503777 0.001176 1
9.504960 0.001184 1
9.506152 0.001191 1
9.507351 0.001199 1
9.508558 0.001207 1
9.509773 0.001215 1
9.510997 0.001223 1
9.512229 0.001232 1
9.513469 0.001240 1
9.514718 0.001249 1
9.515976 0.001258 1
9.517242 0.001267 1
9.518518 0.001276 1
9.519803 0.001285 1
9.521098 0.001294 1
9.522402 0.001304 1
9.523716 0.001314 1
9.525039 0.001324 1
9.526373 0.001334 1
9.527717 0.001344 1
9.529072 0.001355 1
9.530437 0.001365 1
9.531813 0.001376 1
9.533200 0.001387 1
9.534598 0.001398 1
9.536008 0.001410 1
9.537429 0.001421 1
9.538862 0.001433 1
9.540307 0.001445 1
9.541765 0.001457 1
9.543235 0.001470 1
9.544717 0.001483 1
9.546213 0.001496 1
9.547722 0.001509 1
9.549244 0.001522 1
9.550780 0.001536 1
9.552330 0.001550 1
9.553894 0.001564 1
9.555473 0.001579 1
9.557067 0.001594 1
9.558676 0.001609 1
9.560300 0.001624 1
9.561940 0.001640 1
9.563596 0.001656 1
9.565269 0.001673 1
9.566958 0.001689 1
9.568665 0.001706 1
9.570388 0.001724 1
9.572130 0.001742 1
9.573890 0.001760 1
9.575668 0.001778 1
9.577466 0.001797 1
9.579283 0.001817 1
9.581120 0.001837 1
9.582977 0.001857 1
9.584855 0.001878 1
9.586754 0.001899 1
9.588674 0.001921 1
9.590617 0.001943 1
9.592583 0.001966 1
9.594572 0.001989 1
9.596585 0.002013 1
9.598623 0.002037 1
9.600685 0.002063 1
9.602774 0.002088 1
9.604888 0.002115 1
9.607030 0.002142 1
9.609199 0.002169 1
9.611397 0.002198 1
9.613624 0.002227 1
9.615880 0.002257 1
9.618168 0.002288 1
9.620487 0.002319 1
9.622839 0.002352 1
9.625224 0.002385 1
9.627644 0.002420 1
9.630098 0.002455 1
9.632590 0.002491 1
9.635119 0.002529 1
9.637686 0.002567 1
9.640293 0.002607 1
9.642941 0.002648 1
9.645632 0.002691 1
9.648366 0.002734 1
9.651146 0.002779 1
9.653972 0.002826 1
9.656846 0.002874 1
9.659770 0.002924 1
9.662746 0.002976 1
9.665775 0.003029 1
9.668859 0.003084 1
9.672001 0.003142 1
9.675202 0.003201 1
9.678465 0.003263 1
9.681792 0.003327 1
9.685185 0.003393 1
9.688648 0.003463 1
9.692183 0.003535 1
9.695793 0.003610 1
9.699481 0.003688 1
9.703250 0.003770 1
9.707105 0.003855 1
9.711050 0.003944 1
9.715087 0.004037 1
9.719222 0.004135 1
9.723459 0.004237 1
9.727804 0.004345 1
9.732262 0.004458 1
9.736838 0.004576 1
9.741539 0.004701 1
9.746372 0.004833 1
9.751344 0.004972 1
9.756463 0.005119 1
9.761738 0.005275 1
9.767177 0.005440 1
9.772792 0.005615 1
9.778593 0.005801 1
9.784592 0.005999 1
9.790804 0.006211 1
9.797241 0.006437 1
9.803920 0.006679 1
9.810859 0.006939 1
9.818077 0.007217 1
9.825593 0.007517 1
9.833432 0.007839 1
9.841617 0.008185 1
9.850174 0.008557 1
9.859129 0.008955 1
9.868509 0.009380 1
9.878337 0.009828 1
9.888631 0.010294 1
9.899399 0.010768 1
9.910630 0.011231 1
9.922292 0.011662 1
9.934332 0.012040 1
9.946681 0.012349 1
9.959265 0.012584 1
9.972018 0.012753 1
9.984889 0.012871 1
9.997839 0.012950 1
10.010842 0.013003 1
10.023879 0.013037 1
10.036938 0.013059 1
10.050012 0.013073 1
10.063094 0.013082 1
10.076180 0.013087 1
10.089270 0.013089 1
10.102360 0.013090 1
10.115449 0.013089 1
10.128537 0.013088 1
10.141624 0.013086 1
10.154708 0.013084 1
10.167790 0.013082 1
10.180869 0.013079 1
10.193946 0.013077 1
10.207020 0.013074 1
10.220091 0.013071 1
10.233159 0.013068 1
10.246224 0.013065 1
10.259286 0.013062 1
10.272345 0.013059 1
10.285401 0.013056 1
10.298455 0.013053 1
10.311505 0.013050 1
10.324552 0.013047 1
10.337596 0.013044 1
10.350637 0.013041 1
10.363675 0.013038 1
10.376710 0.013035 1
10.389741 0.013032 1
10.402770 0.013029 1
10.415795 0.013025 1
10.428818 0.013022 1
10.441837 0.013019 1
10.454853 0.013016 1
10.467866 0.013013 1
10.480876 0.013010 1
10.493882 0.013007 1
10.506886 0.013003 1
10.519886 0.013000 1
10.532883 0.012997 1
10.545876 0.012994 1
10.558867 0.012990 1
10.571854 0.012987 1
10.584838 0.012984 1
10.597818 0.012981 1
10.610796 0.012977 1
10.623770 0.012974 1
10.636741 0.012971 1
10.649708 0.012967 1
10.662672 0.012964 1
10.675633 0.012961 1
10.688590 0.012957 1
10.701544 0.012954 1
10.714495 0.012951 1
10.727442 0.012947 1
10.740386 0.012944 1
10.753327 0.012940 1
10.766264 0.012937 1
10.779197 0.012934 1
10.792128 0.012930 1
10.805054 0.012927 1
10.817978 0.012923 1
10.830897 0.012920 1
10.843814 0.012916 1
10.856727 0.012913 1
10.869636 0.012909 1
10.882542 0.012906 1
10.895444 0.012902 1
10.908342 0.012899 1
10.921238 0.012895 1
10.934129 0.012892 1
10.947017 0.012888 1
10.959901 0.012884 1
10.972782 0.012881 1
10.985659 0.012877 1
10.998533 0.012874 1
11.011403 0.012870 1
11.024269 0.012866 1
11.037131 0.012863 1
11.049990 0.012859 1
11.062845 0.012855 1
11.075697 0.012851 1
11.088545 0.012848 1
11.101389 0.012844 1
11.114229 0.012840 1
11.127065 0.012837 1
11.139898 0.012833 1
11.152727 0.012829 1
11.165552 0.012825 1
11.178374 0.012821 1
11.191191 0.012818 1
11.204005 0.012814 1
11.216815 0.012810 1
11.229621 0.012806 1
11.242423 0.012802 1
11.255222 0.012798 1
11.268016 0.012794 1
11.280807 0.012791 1
11.293593 0.012787 1
11.306376 0.012783 1
11.319155 0.012779 1
11.331930 0.012775 1
11.344700 0.012771 1
11.357467 0.012767 1
11.370230 0.012763 1
11.382989 0.012759 1
11.395744 0.012755 1
11.408495 0.012751 1
11.421242 0.012747 1
11.433984 0.012743 1
11.446723 0.012739 1
11.459458 0.012735 1
11.472188 0.012731 1
11.484915 0.012726 1
11.497637 0.012722 1
11.510355 0.012718 1
11.523069 0.012714 1
11.535779 0.012710 1
11.548485 0.012706 1
11.561186 0.012702 1
11.573884 0.012697 1
11.586577 0.012693 1
11.599266 0.012689 1
11.611950 0.012685 1
11.624631 0.012680 1
11.637307 0.012676 1
11.649979 0.012672 1
11.662646 0.012668 1
11.675310 0.012663 1
11.687969 0.012659 1
11.700624 0.012655 1
11.713274 0.012650 1
11.725920 0.012646 1
11.738562 0.012642 1
11.751199 0.012637 1
11.763832 0.012633 1
11.776460 0.012628 1
11.789084 0.012624 1
11.801704 0.012620 1
11.814319 0.012615 1
11.826930 0.012611 1
11.839536 0.012606 1
11.852138 0.012602 1
11.864735 0.012597 1
11.877328 0.012593 1
11.889916 0.012588 1
11.902500 0.012584 1
11.915079 0.012579 1
11.927653 0.012575 1
11.940223 0.012570 1
11.952789 0.012565 1
11.965350 0.012561 1
11.977906 0.012556 1
11.990457 0.012552 1
12.003004 0.012547 1
12.015547 0.012542 1
12.028084 0.012538 1
12.040617 0.012533 1
12.053145 0.012528 1
12.065669 0.012524 1
12.078188 0.012519 1
12.090702 0.012514 1
12.103211 0.012509 1
12.115715 0.012505 1
12.128215 0.012500 1
12.140710 0.012495 1
12.153200 0.012490 1
12.165686 0.012485 1
12.178166 0.012480 1
12.190642 0.012476 1
12.203113 0.012471 1
12.215578 0.012466 1
12.228039 0.012461 1
12.240496 0.012456 1
12.252947 0.012451 1
12.265393 0.012446 1
12.277834 0.012441 1
12.290271 0.012436 1
12.302702 0.012431 1
12.315129 0.012426 1
12.327550 0.012421 1
12.339966 0.012416 1
12.352378 0.012411 1
12.364784 0.012406 1
12.377185 0.012401 1
12.389582 0.012396 1
12.401973 0.012391 1
12.414359 0.012386 1
12.426740 0.012381 1
12.439116 0.012376 1
12.451486 0.012371 1
12.463852 0.012366 1
12.476212 0.012360 1
12.488568 0.012355 1
12.500918 0.012350 1
12.513262 0.012345 1
12.525602 0.012340 1
12.537937 0.012334 1
12.550266 0.012329 1
12.562590 0.012324 1
12.574908 0.012319 1
12.587222 0.012313 1
12.599530 0.012308 1
12.611832 0.012303 1
12.624130 0.012297 1
12.636422 0.012292 1
12.648709 0.012287 1
12.660990 0.012281 1
12.673266 0.012276 1
12.685537 0.012271 1
12.697802 0.012265 1
12.710061 0.012260 1
12.722316 0.012254 1
12.734565 0.012249 1
12.746808 0.012243 1
12.759046 0.012238 1
12.771279 0.012232 1
12.783506 0.012227 1
12.795727 0.012221 1
12.807943 0.012216 1
12.820154 0.012210 1
12.832358 0.012205 1
12.844558 0.012199 1
12.856751 0.012194 1
12.868940 0.012188 1
12.881122 0.012183 1
12.893299 0.012177 1
12.905470 0.012171 1
12.917636 0.012166 1
12.929796 0.012160 1
12.941950 0.012154 1
12.954099 0.012149 1
12.966242 0.012143 1
12.978379 0.012137 1
12.990511 0.012132 1
13.002637 0.012126 1
13.014757 0.012120 1
13.026871 0.012114 1
13.038979 0.012109 1
13.051082 0.012103 1
13.063179 0.012097 1
13.075270 0.012091 1
13.087356 0.012085 1
13.099435 0.012079 1
13.111509 0.012074 1
13.123576 0.012068 1
13.135638 0.012062 1
13.147694 0.012056 1
13.159744 0.012050 1
13.171789 0.012044 1
13.183827 0.012038 1
13.195859 0.012032 1
13.207885 0.012026 1
13.219906 0.012020 1
13.231920 0.012014 1
13.243929 0.012008 1
13.255931 0.012002 1
13.267928 0.011996 1
13.279918 0.011990 1
13.291903 0.011984 1
13.303881 0.011978 1
13.315853 0.011972 1
13.327819 0.011966 1
13.339780 0.011960 1
13.351734 0.011954 1
13.363682 0.011948 1
13.375623 0.011942 1
13.387559 0.011936 1
13.399489 0.011930 1
13.411412 0.011923 1
13.423329 0.011917 1
13.435240 0.011911 1
13.447145 0.011905 1
13.459044 0.011899 1
13.470936 0.011892 1
13.482823 0.011886 1
13.494703 0.011880 1
13.506577 0.011874 1
13.518444 0.011868 1
13.530305 0.011861 1
13.542160 0.011855 1
13.554009 0.011849 1
13.565851 0.011842 1
13.577688 0.011836 1
13.589517 0.011830 1
13.601341 0.011823 1
13.613158 0.011817 1
13.624969 0.011811 1
13.636773 0.011804 1
13.648571 0.011798 1
13.660363 0.011792 1
13.672148 0.011785 1
13.683927 0.011779 1
13.695699 0.011772 1
13.707465 0.011766 1
13.719225 0.011760 1
13.730978 0.011753 1
13.742725 0.011747 1
13.754465 0.011740 1
13.766199 0.011734 1
13.777926 0.011727 1
13.789647 0.011721 1
13.801361 0.011714 1
13.813069 0.011708 1
13.824770 0.011701 1
13.836465 0.011695 1
13.848153 0.011688 1
13.859835 0.011682 1
13.871510 0.011675 1
13.883179 0.011669 1
13.894841 0.011662 1
13.906496 0.011655 1
13.918145 0.011649 1
13.929787 0.011642 1
13.941423 0.011636 1
13.953052 0.011629 1
13.964674 0.011622 1
13.976290 0.011616 1
13.987899 0.011609 1
13.999502 0.011602 1
14.011097 0.011596 1
14.022687 0.011589 1
14.034269 0.011583 1
14.045845 0.011576 1
14.057414 0.011569 1
14.068977 0.011562 1
14.080532 0.011556 1
14.092081 0.011549 1
14.103624 0.011542 1
14.115159 0.011536 1
14.126688 0.011529 1
14.138210 0.011522 1
14.149726 0.011515 1
14.161235 0.011509 1
14.172737 0.011502 1
14.184232 0.011495 1
14.195720 0.011488 1
14.207202 0.011482 1
14.218677 0.011475 1
14.230145 0.011468 1
14.241606 0.011461 1
14.253061 0.011455 1
14.264509 0.011448 1
14.275949 0.011441 1
14.287384 0.011434 1
14.298811 0.011427 1
14.310232 0.011421 1
14.321645 0.011414 1
14.333052 0.011407 1
14.344452 0.011400 1
14.355846 0.011393 1
14.367232 0.011386 1
14.378612 0.011380 1
14.389984 0.011373 1
14.401350 0.011366 1
14.412709 0.011359 1
14.424062 0.011352 1
14.435407 0.011345 1
14.446745 0.011339 1
14.458077 0.011332 1
14.469402 0.011325 1
14.480720 0.011318 1
14.492031 0.011311 1
14.503335 0.011304 1
14.514633 0.011297 1
14.525923 0.011290 1
14.537207 0.011284 1
14.548483 0.011277 1
14.559753 0.011270 1
14.571016 0.011263 1
14.582272 0.011256 1
14.593522 0.011249 1
14.604764 0.011242 1
14.616000 0.011236 1
14.627228 0.011229 1
14.638450 0.011222 1
14.649665 0.011215 1
14.660873 0.011208 1
14.672074 0.011201 1
14.683268 0.011194 1
14.694456 0.011187 1
14.705636 0.011181 1
14.716810 0.011174 1
14.727977 0.011167 1
14.739137 0.011160 1
14.750290 0.011153 1
14.761436 0.011146 1
14.772576 0.011139 1
14.783709 0.011133 1
14.794834 0.011126 1
14.805953 0.011119 1
14.817065 0.011112 1
14.828171 0.011105 1
14.839269 0.011098 1
14.850361 0.011092 1
14.861445 0.011085 1
14.872523 0.011078 1
14.883595 0.011071 1
14.894659 0.011064 1
14.905717 0.011058 1
14.916767 0.011051 1
14.927811 0.011044 1
14.938849 0.011037 1
14.949879 0.011031 1
14.960903 0.011024 1
14.971920 0.011017 1
14.982930 0.011010 1
14.993934 0.011004 1
15.004930 0.010997 1
15.015921 0.010990 1
15.026904 0.010983 1
15.037881 0.010977 1
15.048851 0.010970 1
15.059814 0.010963 1
15.070771 0.010957 1
15.081721 0.010950 1
15.092664 0.010943 1
15.103601 0.010937 1
15.114531 0.010930 1
15.125454 0.010924 1
15.136371 0.010917 1
15.147282 0.010910 1
15.158186 0.010904 1
15.169083 0.010897 1
15.179974 0.010891 1
15.190858 0.010884 1
15.201735 0.010878 1
15.212607 0.010871 1
15.223471 0.010865 1
15.234330 0.010858 1
15.245182 0.010852 1
15.256027 0.010845 1
15.266866 0.010839 1
15.277699 0.010833 1
15.288525 0.010826 1
15.299345 0.010820 1
15.310158 0.010814 1
15.320966 0.010807 1
15.331767 0.010801 1
15.342561 0.010795 1
15.353350 0.010788 1
15.364132 0.010782 1
15.374908 0.010776 1
15.385678 0.010770 1
15.396442 0.010764 1
15.407199 0.010758 1
15.417951 0.010751 1
15.428696 0.010745 1
15.439436 0.010739 1
15.450169 0.010733 1
15.460896 0.010727 1
15.471618 0.010721 1
15.482333 0.010715 1
15.493043 0.010710 1
15.503746 0.010704 1
15.514444 0.010698 1
15.525136 0.010692 1
15.535822 0.010686 1
15.546502 0.010680 1
15.557177 0.010675 1
15.567846 0.010669 1
15.578509 0.010663 1
15.589167 0.010658 1
15.599819 0.010652 1
15.610466 0.010647 1
15.621107 0.010641 1
15.631742 0.010636 1
15.642372 0.010630 1
15.652997 0.010625 1
15.663616 0.010619 1
15.674230 0.010614 1
15.684839 0.010609 1
15.695442 0.010603 1
15.706040 0.010598 1
15.716633 0.010593 1
15.727221 0.010588 1
15.737804 0.010583 1
15.748382 0.010578 1
15.758955 0.010573 1
15.769523 0.010568 1
15.780086 0.010563 1
15.790645 0.010558 1
15.801198 0.010554 1
15.811747 0.010549 1
15.822291 0.010544 1
15.832831 0.010540 1
15.843366 0.010535 1
15.853896 0.010530 1
15.864422 0.010526 1
15.874944 0.010522 1
15.885461 0.010517 1
15.895974 0.010513 1
15.906483 0.010509 1
15.916988 0.010505 1
15.927488 0.010501 1
15.937985 0.010497 1
15.948478 0.010493 1
15.958967 0.010489 1
15.969452 0.010485 1
15.979933 0.010481 1
15.990411 0.010478 1
16.000885 0.010474 1
16.011355 0.010471 1
16.021822 0.010467 1
16.032286 0.010464 1
16.042746 0.010460 1
16.053204 0.010457 1
16.063658 0.010454 1
16.074109 0.010451 1
16.084557 0.010448 1
16.095002 0.010445 1
16.105445 0.010442 1
16.115885 0.010440 1
16.126322 0.010437 1
16.136756 0.010435 1
16.147189 0.010432 1
16.157619 0.010430 1
16.168047 0.010428 1
16.178472 0.010426 1
16.188896 0.010424 1
16.199317 0.010422 1
16.209737 0.010420 1
16.220156 0.010418 1
16.230572 0.010417 1
16.240987 0.010415 1
16.251401 0.010414 1
16.261814 0.010412 1
16.272225 0.010411 1
16.282635 0.010410 1
16.293045 0.010409 1
16.303453 0.010409 1
16.313861 0.010408 1
16.324269 0.010407 1
16.334676 0.010407 1
16.345083 0.010407 1
16.355489 0.010407 1
16.365896 0.010407 1
16.376303 0.010407 1
16.386710 0.010407 1
16.397117 0.010407 1
16.407525 0.010408 1
16.417934 0.010409 1
16.428343 0.010410 1
16.438754 0.010411 1
16.449166 0.010412 1
16.459578 0.010413 1
16.469993 0.010414 1
16.480409 0.010416 1
16.490827 0.010418 1
16.501246 0.010420 1
16.511668 0.010422 1
16.522092 0.010424 1
16.532518 0.010426 1
16.542947 0.010429 1
16.553379 0.010432 1
16.563813 0.010435 1
16.574251 0.010438 1
16.584692 0.010441 1
16.595136 0.010444 1
16.605584 0.010448 1
16.616036 0.010452 1
16.626491 0.010456 1
16.636951 0.010460 1
16.647415 0.010464 1
16.657883 0.010468 1
16.668356 0.010473 1
16.678833 0.010478 1
16.689316 0.010482 1
16.699803 0.010488 1
16.710296 0.010493 1
16.720794 0.010498 1
16.731298 0.010504 1
16.741807 0.010509 1
16.752323 0.010515 1
16.762844 0.010521 1
16.773371 0.010527 1
16.783904 0.010533 1
16.794444 0.010540 1
16.804990 0.010546 1
16.815542 0.010553 1
16.826101 0.010559 1
16.836667 0.010566 1
16.847239 0.010572 1
16.857818 0.010579 1
16.868404 0.010586 1
16.878997 0.010592 1
16.889596 0.010599 1
16.900201 0.010606 1
16.910814 0.010612 1
16.921432 0.010619 1
16.932058 0.010625 1
16.942689 0.010631 1
16.953326 0.010637 1
16.963969 0.010643 1
16.974618 0.010649 1
16.985272 0.010654 1
16.995931 0.010659 1
17.006594 0.010663 1
17.017262 0.010668 1
17.027933 0.010671 1
17.038608 0.010674 1
17.049285 0.010677 1
17.059964 0.010679 1
17.070644 0.010680 1
17.081325 0.010681 1
17.092005 0.010681 1
17.102685 0.010679 1
17.113362 0.010677 1
17.124037 0.010674 1
17.134707 0.010670 1
17.145372 0.010665 1
17.156031 0.010659 1
17.166681 0.010651 1
17.177323 0.010642 1
17.187954 0.010631 1
17.198573 0.010619 1
17.209178 0.010605 1
17.219768 0.010590 1
17.230340 0.010573 1
17.240894 0.010553 1
17.251426 0.010532 1
17.261936 0.010509 1
17.272420 0.010484 1
17.282877 0.010457 1
17.293304 0.010427 1
17.303700 0.010396 1
17.314061 0.010361 1
17.324386 0.010325 1
17.334672 0.010286 1
17.344916 0.010244 1
17.355116 0.010200 1
17.365270 0.010154 1
17.375376 0.010105 1
17.385429 0.010054 1
17.395429 0.010000 1
17.405374 0.009944 1
17.415260 0.009886 1
17.425085 0.009826 1
17.434848 0.009763 1
17.444547 0.009699 1
17.454180 0.009633 1
17.463745 0.009565 1
17.473241 0.009496 1
17.482667 0.009426 1
17.492021 0.009354 1
17.501302 0.009281 1
17.510510 0.009208 1
17.519644 0.009134 1
17.528703 0.009059 1
17.537687 0.008984 1
17.546596 0.008909 1
17.555430 0.008834 1
17.564189 0.008758 1
17.572872 0.008683 1
17.581480 0.008608 1
17.590014 0.008534 1
17.598474 0.008460 1
17.606860 0.008386 1
17.615173 0.008313 1
17.623414 0.008241 1
17.631583 0.008169 1
17.639681 0.008098 1
17.647709 0.008028 1
17.655668 0.007959 1
17.663558 0.007890 1
17.671380 0.007822 1
17.679136 0.007756 1
17.686826 0.007690 1
17.694450 0.007625 1
17.702011 0.007561 1
17.709509 0.007498 1
17.716944 0.007435 1
17.724318 0.007374 1
17.731632 0.007314 1
17.738886 0.007254 1
17.746081 0.007195 1
17.753219 0.007138 1
17.760300 0.007081 1
17.767325 0.007025 1
17.774295 0.006970 1
17.781210 0.006915 1
17.788072 0.006862 1
17.794881 0.006809 1
17.801639 0.006757 1
17.808345 0.006706 1
17.815001 0.006656 1
17.821607 0.006606 1
17.828164 0.006557 1
17.834673 0.006509 1
17.841135 0.006462 1
17.847550 0.006415 1
17.853919 0.006369 1
17.860242 0.006323 1
17.866521 0.006278 1
17.872755 0.006234 1
17.878945 0.006190 1
17.885093 0.006147 1
17.891197 0.006105 1
17.897260 0.006063 1
17.903282 0.006021 1
17.909262 0.005980 1
17.915202 0.005940 1
17.921102 0.005900 1
17.926962 0.005860 1
17.932783 0.005821 1
17.938566 0.005782 1
17.944310 0.005744 1
17.950016 0.005706 1
17.955685 0.005669 1
17.961316 0.005631 1
17.966910 0.005594 1
17.972468 0.005558 1
17.977989 0.005521 1
17.983474 0.005485 1
17.988924 0.005449 1
17.994337 0.005414 1
17.999715 0.005378 1
18.005058 0.005343 1
18.010366 0.005308 1
18.015638 0.005273 1
18.020876 0.005238 1
18.026079 0.005203 1
18.031247 0.005168 1
18.036380 0.005133 1
18.041478 0.005098 1
18.046542 0.005064 1
18.051571 0.005029 1
18.056565 0.004994 1
18.061525 0.004959 1
18.066449 0.004924 1
18.071338 0.004889 1
18.076193 0.004854 1
18.081012 0.004819 1
18.085796 0.004784 1
18.090544 0.004748 1
18.095257 0.004713 1
18.099933 0.004677 1
18.104574 0.004641 1
18.109179 0.004605 1
18.113748 0.004569 1
18.118280 0.004532 1
18.122776 0.004496 1
18.127236 0.004459 1
18.131658 0.004423 1
18.136044 0.004386 1
18.140392 0.004349 1
18.144704 0.004312 1
18.148979 0.004275 1
18.153216 0.004238 1
18.157417 0.004200 1
18.161580 0.004163 1
18.165707 0.004126 1
18.169796 0.004089 1
18.173848 0.004052 1
18.177864 0.004015 1
18.181842 0.003979 1
18.185785 0.003942 1
18.189690 0.003906 1
18.193560 0.003869 1
18.197393 0.003833 1
18.201191 0.003798 1
18.204953 0.003762 1
18.208679 0.003727 1
18.212371 0.003692 1
18.216028 0.003657 1
18.219650 0.003622 1
18.223238 0.003588 1
18.226793 0.003554 1
18.230314 0.003521 1
18.233801 0.003488 1
18.237256 0.003455 1
18.240679 0.003422 1
18.244069 0.003390 1
18.247428 0.003359 1
18.250755 0.003327 1
18.254052 0.003296 1
18.257318 0.003266 1
18.260553 0.003236 1
18.263759 0.003206 1
18.266936 0.003176 1
18.270083 0.003147 1
18.273202 0.003119 1
18.276292 0.003090 1
18.279355 0.003063 1
18.282390 0.003035 1
18.285397 0.003008 1
18.288379 0.002981 1
18.291333 0.002955 1
18.294262 0.002929 1
18.297165 0.002903 1
18.300042 0.002878 1
18.302895 0.002853 1
18.305723 0.002828 1
18.308527 0.002804 1
18.311306 0.002780 1
18.314063 0.002756 1
18.316796 0.002733 1
18.319506 0.002710 1
18.322193 0.002687 1
18.324858 0.002665 1
18.327501 0.002643 1
18.330123 0.002621 1
18.332723 0.002600 1
18.335302 0.002579 1
18.337860 0.002558 1
18.340398 0.002538 1
18.342916 0.002518 1
18.345414 0.002498 1
18.347892 0.002478 1
18.350351 0.002459 1
18.352791 0.002440 1
18.355212 0.002421 1
18.357615 0.002403 1
18.359999 0.002384 1
18.362365 0.002366 1
18.364714 0.002349 1
18.367045 0.002331 1
18.369359 0.002314 1
18.371656 0.002297 1
18.373936 0.002280 1
18.376200 0.002264 1
18.378447 0.002247 1
18.380678 0.002231 1
18.382894 0.002215 1
18.385094 0.002200 1
18.387278 0.002184 1
18.389448 0.002169 1
18.391602 0.002154 1
18.393742 0.002140 1
18.395867 0.002125 1
18.397977 0.002111 1
18.400074 0.002097 1
18.402157 0.002083 1
18.404226 0.002069 1
18.406281 0.002055 1
18.408323 0.002042 1
18.410352 0.002029 1
18.412368 0.002016 1
18.414371 0.002003 1
18.416362 0.001991 1
18.418340 0.001978 1
18.420306 0.001966 1
18.422260 0.001954 1
18.424202 0.001942 1
18.426132 0.001930 1
18.428051 0.001919 1
18.429959 0.001907 1
18.431855 0.001896 1
18.433740 0.001885 1
18.435615 0.001874 1
18.437479 0.001864 1
18.439332 0.001853 1
18.441175 0.001843 1
18.443007 0.001833 1
18.444830 0.001823 1
18.446643 0.001813 1
18.448446 0.001803 1
18.450240 0.001794 1
18.452024 0.001784 1
18.453799 0.001775 1
18.455565 0.001766 1
18.457321 0.001757 1
18.459070 0.001748 1
18.460809 0.001739 1
18.462540 0.001731 1
18.464263 0.001723 1
18.465977 0.001714 1
18.467683 0.001706 1
18.469382 0.001699 1
18.471073 0.001691 1
18.472756 0.001683 1
18.474432 0.001676 1
18.476100 0.001668 1
18.477761 0.001661 1
18.479415 0.001654 1
18.481063 0.001647 1
18.482703 0.001641 1
18.484337 0.001634 1
18.485965 0.001627 1
18.487586 0.001621 1
18.489201 0.001615 1
18.490810 0.001609 1
18.492413 0.001603 1
18.494010 0.001597 1
18.495602 0.001592 1
18.497188 0.001586 1
18.498768 0.001581 1
18.500344 0.001576 1
18.501914 0.001570 1
18.503480 0.001565 1
18.505040 0.001561 1
18.506596 0.001556 1
18.508148 0.001551 1
18.509695 0.001547 1
18.511237 0.001543 1
18.512775 0.001538 1
18.514310 0.001534 1
18.515840 0.001530 1
18.517366 0.001526 1
18.518889 0.001523 1
18.520408 0.001519 1
18.521924 0.001516 1
18.523436 0.001512 1
18.524945 0.001509 1
18.526450 0.001506 1
18.527953 0.001503 1
18.529452 0.001500 1
18.530949 0.001497 1
18.532443 0.001494 1
18.533934 0.001491 1
18.535423 0.001489 1
18.536909 0.001486 1
18.538393 0.001484 1
18.539874 0.001481 1
18.541353 0.001479 1
18.542830 0.001477 1
18.544305 0.001475 1
18.545778 0.001473 1
18.547248 0.001471 1
18.548716 0.001468 1
18.550183 0.001466 1
18.551647 0.001464 1
18.553108 0.001462 1
18.554567 0.001459 1
18.556023 0.001456 1
18.557476 0.001452 1
18.558924 0.001448 1
18.560368 0.001444 1
18.561806 0.001438 1
18.563237 0.001431 1
18.564660 0.001423 1
18.566074 0.001414 1
18.567477 0.001403 1
18.568867 0.001391 1
18.570244 0.001377 1
18.571606 0.001361 1
18.572951 0.001345 1
18.574278 0.001328 1
18.575588 0.001309 1
18.576878 0.001291 1
18.578150 0.001272 1
18.579403 0.001253 1
18.580637 0.001234 1
18.581852 0.001215 1
18.583049 0.001197 1
18.584228 0.001179 1
18.585390 0.001162 1
18.586535 0.001145 1
18.587664 0.001129 1
18.588778 0.001114 1
18.589876 0.001099 1
18.590961 0.001084 1
18.592031 0.001070 1
18.593088 0.001057 1
18.594132 0.001044 1
18.595164 0.001032 1
18.596184 0.001020 1
18.597193 0.001009 1
18.598191 0.000998 1
18.599178 0.000987 1
18.600155 0.000977 1
18.601123 0.000968 1
18.602081 0.000958 1
18.603031 0.000949 1
18.603971 0.000941 1
18.604904 0.000933 1
18.605829 0.000925 1
18.606746 0.000917 1
18.607656 0.000910 1
18.608559 0.000903 1
18.609455 0.000896 1
18.610345 0.000890 1
18.611228 0.000884 1
18.612106 0.000878 1
18.612978 0.000872 1
18.613845 0.000867 1
18.614707 0.000862 1
18.615563 0.000857 1
18.616415 0.000852 1
18.617263 0.000848 1
18.618107 0.000843 1
18.618946 0.000839 1
18.619782 0.000836 1
18.620614 0.000832 1
18.621443 0.000829 1
18.622269 0.000826 1
18.623092 0.000823 1
18.623912 0.000821 1
18.624731 0.000818 1
18.625547 0.000816 1
18.626362 0.000815 1
18.627176 0.000814 1
18.627989 0.000813 1
18.628802 0.000813 1
18.629616 0.000814 1
18.630432 0.000816 1
18.631252 0.000820 1
18.632079 0.000827 1
18.632921 0.000842 1
18.633797 0.000877 1
18.634807 0.001010 1
18.635658 0.000851 1
18.636466 0.000807 1
18.637262 0.000796 1
18.638053 0.000791 1
18.638840 0.000787 1
18.639625 0.000785 1
18.640409 0.000783 1
18.641190 0.000782 1
18.641971 0.000781 1
18.642751 0.000780 1
18.643530 0.000779 1
18.644308 0.000779 1
18.645087 0.000778 1
18.645865 0.000778 1
18.646643 0.000778 1
18.647421 0.000778 1
18.648200 0.000779 1
18.648979 0.000779 1
18.649759 0.000780 1
18.650539 0.000780 1
18.651320 0.000781 1
18.652101 0.000782 1
18.652884 0.000783 1
18.653668 0.000784 1
18.654453 0.000785 1
18.655239 0.000786 1
18.656027 0.000788 1
18.656816 0.000789 1
18.657607 0.000791 1
18.658399 0.000793 1
18.659194 0.000795 1
18.659990 0.000797 1
18.660789 0.000799 1
18.661591 0.000801 1
18.662395 0.000804 1
18.663201 0.000807 1
18.664011 0.000810 1
18.664824 0.000813 1
18.665641 0.000817 1
18.666461 0.000820 1
18.667285 0.000824 1
18.668114 0.000829 1
18.668947 0.000833 1
18.669785 0.000838 1
18.670629 0.000844 1
18.671478 0.000849 1
18.672334 0.000855 1
18.673196 0.000862 1
18.674065 0.000869 1
18.674942 0.000877 1
18.675827 0.000885 1
18.676720 0.000894 1
18.677623 0.000903 1
18.678535 0.000912 1
18.679456 0.000922 1
18.680387 0.000931 1
18.681328 0.000940 1
18.682276 0.000949 1
18.683232 0.000956 1
18.684193 0.000961 1
18.685157 0.000963 1
18.686120 0.000963 1
18.687079 0.000960 1
18.688033 0.000954 1
18.688980 0.000947 1
18.689918 0.000938 1
18.690846 0.000928 1
18.691764 0.000918 1
18.692673 0.000909 1
18.693572 0.000899 1
18.694462 0.000890 1
18.695343 0.000882 1
18.696217 0.000874 1
18.697083 0.000866 1
18.697943 0.000860 1
18.698796 0.000853 1
18.699644 0.000848 1
18.700486 0.000842 1
18.701324 0.000838 1
18.702157 0.000833 1
18.702987 0.000829 1
18.703813 0.000826 1
18.704636 0.000823 1
18.705456 0.000820 1
18.706273 0.000818 1
18.707089 0.000815 1
18.707902 0.000814 1
18.708714 0.000812 1
18.709525 0.000811 1
18.710336 0.000810 1
18.711145 0.000809 1
18.711954 0.000809 1
18.712763 0.000809 1
18.713572 0.000809 1
18.714381 0.000809 1
18.715192 0.000810 1
18.716003 0.000811 1
18.716815 0.000812 1
18.717628 0.000814 1
18.718443 0.000815 1
18.719261 0.000817 1
18.720080 0.000819 1
18.720901 0.000822 1
18.721725 0.000824 1
18.722552 0.000827 1
18.723382 0.000830 1
18.724216 0.000833 1
18.725053 0.000837 1
18.725894 0.000841 1
18.726739 0.000845 1
18.727588 0.000849 1
18.728441 0.000854 1
18.729299 0.000858 1
18.730162 0.000863 1
18.731030 0.000868 1
18.731903 0.000873 1
18.732781 0.000878 1
18.733663 0.000883 1
18.734550 0.000887 1
18.735442 0.000892 1
18.736338 0.000896 1
18.737237 0.000899 1
18.738139 0.000902 1
18.739043 0.000904 1
18.739948 0.000905 1
18.740853 0.000905 1
18.741758 0.000905 1
18.742661 0.000903 1
18.743562 0.000900 1
18.744459 0.000897 1
18.745352 0.000893 1
18.746240 0.000888 1
18.747123 0.000883 1
18.748001 0.000878 1
18.748873 0.000872 1
18.749740 0.000866 1
18.750600 0.000861 1
18.751455 0.000855 1
18.752305 0.000849 1
18.753148 0.000844 1
18.753986 0.000838 1
18.754819 0.000833 1
18.755647 0.000828 1
18.756469 0.000823 1
18.757287 0.000818 1
18.758100 0.000813 1
18.758909 0.000809 1
18.759713 0.000804 1
18.760514 0.000800 1
18.761310 0.000796 1
18.762103 0.000792 1
18.762891 0.000789 1
18.763677 0.000785 1
18.764459 0.000782 1
18.765237 0.000779 1
18.766013 0.000776 1
18.766785 0.000773 1
18.767555 0.000770 1
18.768322 0.000767 1
18.769086 0.000764 1
18.769847 0.000762 1
18.770606 0.000759 1
18.771363 0.000757 1
18.772118 0.000754 1
18.772870 0.000752 1
18.773620 0.000750 1
18.774368 0.000748 1
18.775114 0.000746 1
18.775858 0.000744 1
18.776600 0.000742 1
18.777340 0.000740 1
18.778079 0.000739 1
18.778816 0.000737 1
18.779551 0.000735 1
18.780285 0.000734 1
18.781018 0.000732 1
18.781748 0.000731 1
18.782478 0.000729 1
18.783206 0.000728 1
18.783933 0.000727 1
18.784658 0.000726 1
18.785383 0.000724 1
18.786106 0.000723 1
18.786828 0.000722 1
18.787549 0.000721 1
18.788268 0.000720 1
18.788987 0.000719 1
18.789705 0.000718 1
18.790422 0.000717 1
18.791138 0.000716 1
18.791853 0.000715 1
18.792567 0.000714 1
18.793280 0.000713 1
18.793992 0.000712 1
18.794704 0.000712 1
18.795415 0.000711 1
18.796125 0.000710 1
18.796834 0.000709 1
18.797543 0.000709 1
18.798251 0.000708 1
18.798958 0.000707 1
18.799664 0.000707 1
18.800371 0.000706 1
18.801076 0.000705 1
18.801781 0.000705 1
18.802485 0.000704 1
18.803189 0.000704 1
18.803892 0.000703 1
18.804595 0.000703 1
18.805297 0.000702 1
18.805999 0.000702 1
18.806701 0.000701 1
18.807402 0.000701 1
18.808102 0.000701 1
18.808802 0.000700 1
18.809502 0.000700 1
18.810201 0.000699 1
18.810900 0.000699 1
18.811599 0.000699 1
18.812298 0.000698 1
18.812996 0.000698 1
18.813693 0.000698 1
18.814391 0.000697 1
18.815088 0.000697 1
18.815785 0.000697 1
18.816482 0.000697 1
18.817178 0.000696 1
18.817874 0.000696 1
18.818570 0.000696 1
18.819266 0.000696 1
18.819961 0.000696 1
18.820657 0.000695 1
18.821352 0.000695 1
18.822047 0.000695 1
18.822742 0.000695 1
18.823437 0.000695 1
18.824131 0.000695 1
18.824826 0.000694 1
18.825520 0.000694 1
18.826214 0.000694 1
18.826908 0.000694 1
18.827602 0.000694 1
18.828296 0.000694 1
18.828990 0.000694 1
18.829684 0.000694 1
18.830378 0.000694 1
18.831071 0.000694 1
18.831765 0.000694 1
18.832458 0.000694 1
18.833152 0.000694 1
18.833845 0.000694 1
18.834539 0.000693 1
18.835232 0.000693 1
18.835926 0.000693 1
18.836619 0.000693 1
18.837313 0.000693 1
18.838006 0.000693 1
18.838700 0.000694 1
18.839393 0.000694 1
18.840087 0.000694 1
18.840781 0.000694 1
18.841474 0.000694 1
18.842168 0.000694 1
18.842862 0.000694 1
18.843556 0.000694 1
18.844249 0.000694 1
18.844943 0.000694 1
18.845637 0.000694 1
18.846331 0.000694 1
18.847026 0.000694 1
18.847720 0.000694 1
18.848414 0.000694 1
18.849109 0.000694 1
18.849803 0.000695 1
18.850498 0.000695 1
18.851193 0.000695 1
18.851888 0.000695 1
18.852583 0.000695 1
18.853278 0.000695 1
18.853973 0.000695 1
18.854669 0.000695 1
18.855364 0.000696 1
18.856060 0.000696 1
18.856756 0.000696 1
18.857451 0.000696 1
18.858148 0.000696 1
18.858844 0.000696 1
18.859540 0.000696 1
18.860237 0.000697 1
18.860933 0.000697 1
18.861630 0.000697 1
18.862327 0.000697 1
18.863024 0.000697 1
18.863722 0.000697 1
18.864421 0.000699 1
18.865122 0.000701 1
18.865826 0.000704 1
18.866532 0.000706 1
18.867240 0.000708 1
18.867951 0.000711 1
18.868663 0.000713 1
18.869378 0.000715 1
18.870094 0.000716 1
18.870813 0.000718 1
18.871533 0.000720 1
18.872254 0.000722 1
18.872978 0.000723 1
18.873703 0.000725 1
18.874429 0.000726 1
18.875156 0.000728 1
18.875885 0.000729 1
18.876616 0.000730 1
18.877347 0.000732 1
18.878080 0.000733 1
18.878814 0.000734 1
18.879549 0.000735 1
18.880285 0.000736 1
18.881022 0.000737 1
18.881761 0.000738 1
18.882500 0.000739 1
18.883240 0.000740 1
18.883981 0.000741 1
18.884723 0.000742 1
18.885466 0.000743 1
18.886210 0.000744 1
18.886954 0.000745 1
18.887700 0.000745 1
18.888446 0.000746 1
18.889193 0.000747 1
18.889941 0.000748 1
18.890690 0.000749 1
18.891439 0.000749 1
18.892189 0.000750 1
18.892940 0.000751 1
18.893692 0.000752 1
18.894444 0.000752 1
18.895197 0.000753 1
18.895951 0.000754 1
18.896706 0.000754 1
18.897461 0.000755 1
18.898216 0.000756 1
18.898973 0.000756 1
18.899730 0.000757 1
18.900488 0.000758 1
18.901246 0.000758 1
18.902005 0.000759 1
18.902765 0.000760 1
18.903526 0.000760 1
18.904287 0.000761 1
18.905048 0.000762 1
18.905811 0.000762 1
18.906574 0.000763 1
18.907338 0.000764 1
18.908102 0.000764 1
18.908867 0.000765 1
18.909633 0.000766 1
18.910399 0.000766 1
18.911166 0.000767 1
18.911934 0.000768 1
18.912702 0.000768 1
18.913471 0.000769 1
18.914241 0.000770 1
18.915011 0.000770 1
18.915783 0.000771 1
18.916554 0.000772 1
18.917327 0.000773 1
18.918100 0.000773 1
18.918874 0.000774 1
18.919649 0.000775 1
18.920425 0.000776 1
18.921201 0.000776 1
18.921978 0.000777 1
18.922756 0.000778 1
18.923534 0.000779 1
18.924314 0.000779 1
18.925094 0.000780 1
18.925875 0.000781 1
18.926657 0.000782 1
18.927440 0.000783 1
18.928223 0.000784 1
18.929008 0.000784 1
18.929793 0.000785 1
18.930579 0.000786 1
18.931366 0.000787 1
18.932155 0.000788 1
18.932944 0.000789 1
18.933734 0.000790 1
18.934524 0.000791 1
18.935316 0.000792 1
18.936109 0.000793 1
18.936903 0.000794 1
18.937698 0.000795 1
18.938494 0.000796 1
18.939292 0.000797 1
18.940090 0.000798 1
18.940889 0.000799 1
18.941690 0.000801 1
18.942491 0.000802 1
18.943294 0.000803 1
18.944098 0.000804 1
18.944904 0.000805 1
18.945710 0.000807 1
18.946518 0.000808 1
18.947327 0.000809 1
18.948137 0.000810 1
18.948949 0.000812 1
18.949762 0.000813 1
18.950577 0.000814 1
18.951393 0.000816 1
18.952210 0.000817 1
18.953029 0.000819 1
18.953849 0.000820 1
18.954671 0.000822 1
18.955494 0.000823 1
18.956319 0.000825 1
18.957146 0.000827 1
18.957974 0.000828 1
18.958804 0.000830 1
18.959636 0.000832 1
18.960469 0.000833 1
18.961304 0.000835 1
18.962141 0.000837 1
18.962980 0.000839 1
18.963820 0.000841 1
18.964663 0.000843 1
18.965507 0.000844 1
18.966354 0.000846 1
18.967202 0.000848 1
18.968053 0.000850 1
18.968905 0.000853 1
18.969760 0.000855 1
18.970617 0.000857 1
18.971476 0.000859 1
18.972337 0.000861 1
18.973201 0.000864 1
18.974066 0.000866 1
18.974935 0.000868 1
18.975805 0.000871 1
18.976678 0.000873 1
18.977554 0.000876 1
18.978432 0.000878 1
18.979313 0.000881 1
18.980196 0.000883 1
18.981082 0.000886 1
18.981971 0.000889 1
18.982862 0.000892 1
18.983757 0.000894 1
18.984654 0.000897 1
18.985554 0.000900 1
18.986457 0.000903 1
18.987363 0.000906 1
18.988273 0.000909 1
18.989185 0.000912 1
18.990101 0.000916 1
18.991019 0.000919 1
18.991941 0.000922 1
18.992867 0.000925 1
18.993796 0.000929 1
18.994728 0.000932 1
18.995664 0.000936 1
18.996603 0.000939 1
18.997546 0.000943 1
18.998493 0.000947 1
18.999444 0.000951 1
19.000398 0.000954 1
19.001357 0.000958 1
19.002319 0.000962 1
19.003285 0.000966 1
19.004256 0.000970 1
19.005230 0.000975 1
19.006209 0.000979 1
19.007193 0.000983 1
19.008180 0.000988 1
19.009172 0.000992 1
19.010169 0.000997 1
19.011170 0.001001 1
19.012176 0.001006 1
19.013187 0.001011 1
19.014202 0.001016 1
19.015223 0.001020 1
19.016248 0.001025 1
19.017279 0.001031 1
19.018314 0.001036 1
19.019355 0.001041 1
19.020402 0.001046 1
19.021454 0.001052 1
19.022511 0.001057 1
19.023574 0.001063 1
19.024642 0.001069 1
19.025717 0.001074 1
19.026797 0.001080 1
19.027883 0.001086 1
19.028976 0.001092 1
19.030074 0.001099 1
19.031179 0.001105 1
19.032291 0.001111 1
19.033408 0.001118 1
19.034533 0.001124 1
19.035664 0.001131 1
19.036802 0.001138 1
19.037947 0.001145 1
19.039099 0.001152 1
19.040258 0.001159 1
19.041424 0.001166 1
19.042598 0.001174 1
19.043779 0.001181 1
19.044968 0.001189 1
19.046165 0.001197 1
19.047370 0.001205 1
19.048582 0.001213 1
19.049803 0.001221 1
19.051032 0.001229 1
19.052270 0.001238 1
19.053516 0.001246 1
19.054772 0.001255 1
19.056035 0.001264 1
19.057308 0.001273 1
19.058591 0.001282 1
19.059882 0.001292 1
19.061183 0.001301 1
19.062494 0.001311 1
19.063815 0.001321 1
19.065145 0.001331 1
19.066486 0.001341 1
19.067838 0.001351 1
19.069200 0.001362 1
19.070572 0.001373 1
19.071956 0.001384 1
19.073350 0.001395 1
19.074757 0.001406 1
19.076174 0.001418 1
19.077604 0.001429 1
19.079045 0.001441 1
19.080499 0.001454 1
19.081965 0.001466 1
19.083443 0.001479 1
19.084935 0.001492 1
19.086440 0.001505 1
19.087958 0.001518 1
19.089490 0.001532 1
19.091035 0.001546 1
19.092595 0.001560 1
19.094170 0.001574 1
19.095759 0.001589 1
19.097363 0.001604 1
19.098982 0.001620 1
19.100617 0.001635 1
19.102269 0.001651 1
19.103936 0.001667 1
19.105620 0.001684 1
19.107321 0.001701 1
19.109040 0.001718 1
19.110776 0.001736 1
19.112530 0.001754 1
19.114303 0.001773 1
19.116094 0.001792 1
19.117905 0.001811 1
19.119736 0.001831 1
19.121586 0.001851 1
19.123458 0.001871 1
19.125350 0.001892 1
19.127264 0.001914 1
19.129201 0.001936 1
19.131159 0.001959 1
19.133141 0.001982 1
19.135147 0.002006 1
19.137177 0.002030 1
19.139231 0.002055 1
19.141312 0.002080 1
19.143418 0.002106 1
19.145551 0.002133 1
19.147712 0.002161 1
19.149901 0.002189 1
19.152118 0.002218 1
19.154366 0.002247 1
19.156644 0.002278 1
19.158953 0.002309 1
19.161295 0.002342 1
19.163670 0.002375 1
19.166078 0.002409 1
19.168522 0.002444 1
19.171002 0.002480 1
19.173519 0.002517 1
19.176075 0.002555 1
19.178669 0.002595 1
19.181305 0.002635 1
19.183982 0.002677 1
19.186703 0.002721 1
19.189468 0.002765 1
19.192280 0.002812 1
19.195139 0.002859 1
19.198048 0.002909 1
19.201007 0.002960 1
19.204020 0.003012 1
19.207087 0.003067 1
19.210210 0.003124 1
19.213393 0.003183 1
19.216637 0.003244 1
19.219943 0.003307 1
19.223316 0.003373 1
19.226757 0.003441 1
19.230269 0.003512 1
19.233856 0.003586 1
19.237519 0.003664 1
19.241264 0.003744 1
19.245092 0.003828 1
19.249008 0.003916 1
19.253016 0.004008 1
19.257121 0.004104 1
19.261326 0.004205 1
19.265637 0.004311 1
19.270059 0.004422 1
19.274598 0.004539 1
19.279260 0.004662 1
19.284052 0.004792 1
19.288980 0.004928 1
19.294053 0.005073 1
19.299278 0.005226 1
19.304666 0.005388 1
19.310226 0.005560 1
19.315968 0.005742 1
19.321905 0.005937 1
19.328049 0.006144 1
19.334415 0.006366 1
19.341018 0.006603 1
19.347875 0.006857 1
19.355004 0.007129 1
19.362426 0.007422 1
19.370163 0.007737 1
19.378239 0.008075 1
19.386678 0.008439 1
19.395507 0.008829 1
19.404753 0.009246 1
19.414441 0.009688 1
19.424590 0.010149 1
19.435212 0.010622 1
19.446302 0.011090 1
19.457836 0.011534 1
19.469767 0.011931 1
19.482028 0.012261 1
19.494547 0.012519 1
19.507255 0.012707 1
19.520094 0.012839 1
19.533023 0.012929 1
19.546012 0.012989 1
19.559040 0.013028 1
19.572093 0.013053 1
19.585163 0.013070 1
19.598243 0.013080 1
19.611328 0.013086 1
19.624417 0.013089 1
19.637507 0.013090 1
19.650596 0.013090 1
19.663685 0.013089 1
19.676772 0.013087 1
19.689857 0.013085 1
19.702940 0.013083 1
19.716020 0.013080 1
19.729097 0.013077 1
19.742172 0.013075 1
19.755244 0.013072 1
19.768313 0.013069 1
19.781379 0.013066 1
19.794442 0.013063 1
19.807502 0.013060 1
19.820559 0.013057 1
19.833613 0.013054 1
19.846664 0.013051 1
19.859713 0.013048 1
19.872758 0.013045 1
19.885799 0.013042 1
19.898838 0.013039 1
19.911874 0.013036 1
19.924907 0.013033 1
19.937936 0.013030 1
19.950963 0.013026 1
19.963986 0.013023 1
19.977006 0.013020 1
19.990023 0.013017 1
20.000000 0.009977 1
